id,precision,recall,f1
0,0.652174,0.660377,0.65625
1,0.0273356,1,0.0532166
2,0.119588,1,0.213628
3,0.106589,0.964912,0.191972
4,0.52381,0.88,0.656716
5,0.0539756,0.788136,0.101032
6,0.362319,0.952381,0.524934
7,0.219868,0.892473,0.352816
8,0.1016,0.92029,0.182997
9,0.414414,0.978723,0.582278
10,0.8,0.861538,0.82963
11,0.325,0.787879,0.460177
12,0.209836,0.901408,0.340426
13,0.146341,1,0.255319
14,0.277087,0.962963,0.430345
15,0.41637,0.89313,0.567961
16,0.640909,0.965753,0.770492
17,0.443686,0.935252,0.601852
18,0.467662,0.746032,0.574924
19,0.176568,0.963964,0.298466
20,0.364372,0.54878,0.437956
21,0.213992,0.945455,0.348993
22,0.78,0.917647,0.843243
23,0.552632,0.807692,0.65625
24,0.559524,0.810345,0.661972
25,0.469697,0.331551,0.388715
26,0.22561,0.986667,0.367246
27,0.740741,0.869565,0.8
28,0.0819964,0.958333,0.151067
29,0.415254,1,0.586826
30,0.0512821,1,0.097561
31,0.455172,0.942857,0.613953
32,0.593023,0.421488,0.492754
33,0.0342988,1,0.0663228
34,0.136646,0.407407,0.204651
35,0.488636,0.883562,0.629268
36,0.165165,1,0.283505
37,0.160839,0.766667,0.265896
38,0.535714,0.625,0.576923
39,0.162362,0.415094,0.233422
40,0.785714,0.916667,0.846154
41,0.13271,0.8875,0.230894
42,0.568421,0.830769,0.675
43,0.4,0.0898876,0.146789
44,0.28125,0.683544,0.398524
45,0.0855978,1,0.157697
46,0.75,0.56044,0.641509
47,0.230137,0.988235,0.373333
48,0.844828,0.924528,0.882883
49,0.0833333,0.981818,0.153627
50,0.121795,0.844444,0.212885
51,0.438017,0.779412,0.560847
52,0.733333,0.820896,0.774648
53,0.205263,0.735849,0.320988
54,0.0882016,0.865169,0.160083
55,0.456311,0.933775,0.613043
56,0.334225,0.672043,0.446429
57,0.447761,0.661765,0.534125
58,0.723404,0.829268,0.772727
59,0.491071,0.859375,0.625
60,0.053664,0.833333,0.100834
61,0.133898,0.849462,0.231332
62,0.742857,0.639344,0.687225
63,0.451883,0.9,0.601671
64,0.122302,0.223684,0.15814
65,0.376682,0.893617,0.529968
66,0.244792,0.886792,0.383673
67,0.392562,0.693431,0.501319
68,0.382353,0.912281,0.53886
69,0.155116,1,0.268571
70,0.0419935,0.968085,0.0804954
71,0.495935,0.897059,0.638743
72,0.66443,0.697183,0.680412
73,0.239748,0.431818,0.308316
74,0.058129,0.969697,0.109683
75,0.840909,0.770833,0.804348
76,0.105263,0.96,0.189723
77,0.414201,0.886076,0.564516
78,0.188889,0.817308,0.306859
79,0.565217,0.981132,0.717241
80,0.494186,0.73913,0.592334
81,0.25947,0.88961,0.40176
82,0.623288,0.64539,0.634146
83,0.275862,0.918033,0.424242
84,0.169279,1,0.289544
85,0.0752916,0.986111,0.139901
86,0.241237,0.75974,0.366197
87,0.428571,0.849558,0.569733
88,0.413043,0.904762,0.567164
89,0.184588,0.887931,0.305638
90,0.488636,0.477778,0.483146
91,0.106529,1,0.192547
92,0.242604,0.694915,0.359649
93,0.771739,0.771739,0.771739
94,0.127745,1,0.226549
95,0.314286,1,0.478261
96,0.17402,1,0.296451
97,0.315789,0.736842,0.442105
98,0.169312,0.969697,0.288288
99,0.446281,0.439024,0.442623
100,0.0366534,0.884615,0.0703902
101,0.113333,1,0.203593
102,0.4,0.947368,0.5625
103,0.231884,1,0.376471
104,0.71134,0.851852,0.775281
105,0.344828,0.945946,0.505415
106,0.146523,0.994382,0.255411
107,0.195219,0.720588,0.30721
108,0.129386,0.951613,0.227799
109,0.222222,1,0.363636
110,0.378082,0.938776,0.539062
111,0.012987,0.990099,0.0256377
112,0.317647,0.296703,0.306818
113,0.792453,0.863014,0.82623
114,0.461538,0.794118,0.583784
115,0.423077,0.859375,0.56701
116,0.404762,0.809524,0.539683
117,0.331522,0.924242,0.488
118,0.272265,0.862903,0.413926
119,0.701987,0.785185,0.741259
120,0.556604,0.907692,0.690058
121,0.293605,0.990196,0.452915
122,0.260759,0.936364,0.407921
123,0.1875,0.244565,0.212264
124,0.779661,0.851852,0.814159
125,0.723404,0.196532,0.309091
126,0.492958,0.714286,0.583333
127,0.296512,0.953271,0.452328
128,0.785714,0.967033,0.866995
129,0.228916,0.863636,0.361905
130,0.337662,0.962963,0.5
131,0.484076,0.853933,0.617886
132,0.330144,0.775281,0.463087
133,0.0617801,1,0.116371
134,0.244582,0.9875,0.39206
135,0.40873,0.656051,0.503667
136,0.424581,0.76,0.544803
137,0.147385,0.989362,0.256552
138,0.159204,0.372093,0.222997
139,0.567797,0.797619,0.663366
140,0.568493,0.976471,0.718615
141,0.237624,0.96,0.380952
142,0.240385,0.775194,0.366972
143,0.785714,0.75,0.767442
144,0.280702,0.979592,0.436364
145,0.656627,0.595628,0.624642
146,0.611765,0.684211,0.645963
147,0.481481,0.915493,0.631068
148,0.275862,0.733333,0.400911
149,0.119461,0.96875,0.212693
150,0.266667,0.952381,0.416667
151,0.45679,0.792857,0.579634
152,0.641509,0.910714,0.752768
153,0.0122893,0.945946,0.0242634
154,0.390805,0.957746,0.555102
155,0.192982,0.22449,0.207547
156,0.111475,0.409639,0.175258
157,0.367213,0.842105,0.511416
158,0.0511084,0.988095,0.0971897
159,0.182353,0.534483,0.27193
160,0.613497,0.746269,0.673401
161,0.313916,0.678322,0.429204
162,0.120805,1,0.215569
163,0.42268,0.953488,0.585714
164,0.61157,0.560606,0.58498
165,0.265896,0.971831,0.417549
166,0.56044,0.980769,0.713287
167,0.385417,0.496644,0.434018
168,0.159601,1,0.275269
169,0.26281,0.883333,0.405096
170,0.534483,0.96875,0.688889
171,0.0433898,0.984615,0.0831169
172,0.699454,0.785276,0.739884
173,0.0831782,0.899329,0.152273
174,0.253731,0.816,0.387097
175,0.113978,0.353333,0.172358
176,0.448468,0.909605,0.600746
177,0.197995,0.918605,0.325773
178,0.171756,0.918367,0.289389
179,0.481752,0.929577,0.634615
180,0.228448,0.40458,0.292011
181,0.674603,0.611511,0.641509
182,0.262931,0.968254,0.413559
183,0.274725,0.543478,0.364964
184,0.686747,0.295337,0.413043
185,0.441964,0.738806,0.553073
186,0.523077,0.507463,0.515152
187,0.00219687,1,0.00438412
188,0.254005,0.902439,0.396429
189,0.705882,0.9,0.791209
190,0.395833,0.575758,0.469136
191,0.365385,1,0.535211
192,0.101796,0.883117,0.18255
193,0.649573,0.844444,0.7343
194,0.439189,0.833333,0.575221
195,0.232323,0.771812,0.357143
196,0.070691,0.946809,0.131559
197,0.128079,1,0.227074
198,0.796296,0.977273,0.877551
199,0.335958,0.977099,0.5
200,0.693548,0.735043,0.713693
201,0.676056,0.864865,0.758893
202,0.382514,0.777778,0.512821
203,0.316964,0.860606,0.463295
204,0.716814,0.84375,0.77512
205,0.21519,0.971429,0.352332
206,0.0595358,1,0.112381
207,0.504132,0.871429,0.638743
208,0.651741,0.916084,0.761628
209,0.0729387,0.985714,0.135827
210,0.341969,0.88,0.492537
211,0.129412,0.370787,0.19186
212,0.408333,0.685315,0.511749
213,0.701754,0.421053,0.526316
214,0.177419,0.733333,0.285714
215,0.0914928,1,0.167647
216,0.272997,0.938776,0.422989
217,0.179191,1,0.303922
218,0.72619,0.748466,0.73716
219,0.806723,0.813559,0.810127
220,0.416667,0.641711,0.505263
221,0.740741,0.555556,0.634921
222,0.0917553,0.784091,0.164286
223,0.53271,0.95,0.682635
224,0.818182,1,0.9
225,0.215116,0.276119,0.24183
226,0.053656,0.971429,0.101695
227,0.449541,0.735,0.557875
228,0.878049,0.8,0.837209
229,0.357143,0.982143,0.52381
230,0.0557656,1,0.10564
231,0.0868014,0.973333,0.159389
232,0.166667,0.876543,0.280079
233,0.155738,0.982759,0.268868
234,0.694656,0.5,0.58147
235,0.581699,0.855769,0.692607
236,0.642105,0.685393,0.663043
237,0.15894,0.695652,0.25876
238,0.0643154,0.823009,0.119307
239,0.213823,0.980198,0.351064
240,0.493927,0.99187,0.659459
241,0.222222,0.861111,0.353276
242,0.32971,0.8125,0.469072
243,0.454545,0.516129,0.483384
244,0.094041,0.87069,0.169748
245,0.146199,1,0.255102
246,0.54,0.8,0.644776
247,0.282946,0.986486,0.439759
248,0.477011,0.902174,0.62406
249,0.0778626,1,0.144476
250,0.156328,1,0.270386
251,0.229602,0.864286,0.362819
252,0.6125,0.6125,0.6125
253,0.657895,0.441176,0.528169
254,0.52381,0.888889,0.659176
255,0.529915,0.953846,0.681319
256,0.205882,1,0.341463
257,0.210407,0.93,0.343173
258,0.142615,1,0.249629
259,0.239295,0.748031,0.362595
260,0.573427,0.921348,0.706897
261,0.0595813,0.986667,0.112377
262,0.200772,0.852459,0.325
263,0.196429,0.748691,0.311208
264,0.346535,0.71066,0.46589
265,0.297222,0.891667,0.445833
266,0.206061,0.944444,0.338308
267,0.208609,0.926471,0.340541
268,0.24581,0.785714,0.374468
269,0.707965,0.930233,0.80402
270,0.130579,0.9875,0.230657
271,0.148515,0.497238,0.228717
272,0.108833,0.8625,0.193277
273,0.0972763,0.19685,0.130208
274,0.494505,0.833333,0.62069
275,0.107632,1,0.194346
276,0.120818,1,0.215589
277,0.106419,0.940299,0.191199
278,0.415385,0.734694,0.530713
279,0.54,0.75,0.627907
280,0.0416387,0.712644,0.0786802
281,0.265873,0.449664,0.334165
282,0.245989,0.807018,0.377049
283,0.183019,0.960396,0.307448
284,0.172996,0.594203,0.267974
285,0.682927,0.903226,0.777778
286,0.202899,0.949153,0.334328
287,0.531915,0.694444,0.60241
288,0.760684,0.927083,0.835681
289,0.168378,1,0.288225
290,0.153132,1,0.265594
291,0.787037,0.714286,0.748899
292,0.38125,0.787097,0.513684
293,0.13141,0.88172,0.228731
294,0.120301,0.941176,0.213333
295,0.168394,0.970149,0.286976
296,0.216814,0.942308,0.352518
297,0.147268,1,0.256729
298,0.165509,0.916667,0.280392
299,0.635294,0.624277,0.629738
300,0.242424,0.8,0.372093
301,0.363971,0.961165,0.528
302,0.0539166,1,0.102317
303,0.128655,0.916667,0.225641
304,0.192771,0.872727,0.315789
305,0.237389,0.930233,0.378251
306,0.0974843,0.978947,0.177312
307,0.515385,0.736264,0.606335
308,0.164062,1,0.281879
309,0.54,0.794118,0.642857
310,0.286517,0.889535,0.433428
311,0.703448,0.910714,0.793774
312,0.34507,0.809917,0.483951
313,0.438596,0.634518,0.518672
314,0.143123,0.9625,0.249191
315,0.315217,0.90625,0.467742
316,0.569378,0.767742,0.653846
317,0.0606759,0.9875,0.114327
318,0.181818,0.986301,0.307036
319,0.811594,0.982456,0.888889
320,0.636364,0.7,0.666667
321,0.119427,0.993377,0.21322
322,0.445902,0.839506,0.582441
323,0.733333,0.862745,0.792793
324,0.0652034,1,0.122424
325,0.210165,0.780612,0.331169
326,0.0730994,0.943396,0.135685
327,0.702703,0.857143,0.772277
328,0.217742,0.987805,0.356828
329,0.59292,0.770115,0.67
330,0.347328,0.91,0.502762
331,0.027512,0.978723,0.0535195
332,0.547826,1,0.707865
333,0.111498,0.984615,0.200313
334,0.159292,0.964286,0.273418
335,0.372624,0.882883,0.524064
336,0.833333,0.775862,0.803571
337,0.361979,0.932886,0.521576
338,0.133621,1,0.235741
339,0.410714,0.811765,0.545455
340,0.286127,0.585799,0.384466
341,0.125448,1,0.22293
342,0.535032,0.857143,0.658824
343,0.0437956,0.886364,0.0834671
344,0.601266,0.555556,0.577508
345,0.123552,0.827586,0.215006
346,0.240793,0.977011,0.386364
347,0.132203,0.22807,0.167382
348,0.162791,0.960784,0.278409
349,0.611111,0.532258,0.568966
350,0.331325,0.846154,0.47619
351,0.546185,0.834356,0.660194
352,0.224806,0.991453,0.366509
353,0.675325,0.675325,0.675325
354,0.306748,0.787402,0.441501
355,0.0640543,1,0.120397
356,0.0896686,0.867925,0.162544
357,0.77027,0.890625,0.826087
358,0.291005,0.932203,0.443548
359,0.421296,0.80531,0.553191
360,0.315789,0.979592,0.477612
361,0.106863,0.915966,0.191396
362,0.307692,0.926316,0.461942
363,0.325967,0.728395,0.450382
364,0.353211,0.810526,0.492013
365,0.459459,0.894737,0.607143
366,0.745098,0.926829,0.826087
367,0.263578,0.846154,0.401949
368,0.520833,0.925926,0.666667
369,0.278049,0.904762,0.425373
370,0.394737,0.552632,0.460526
371,0.424419,0.820225,0.559387
372,0.478992,0.678571,0.561576
373,0.561404,0.653061,0.603774
374,0.161889,0.950495,0.276657
375,0.333333,0.395161,0.361624
376,0.521368,0.792208,0.628866
377,0.503759,0.770115,0.609091
378,0.526316,0.756757,0.620843
379,0.0852713,0.956522,0.156584
380,0.454545,0.754717,0.567376
381,0.586498,0.723958,0.648019
382,0.0950764,0.982456,0.173375
383,0.104693,0.90625,0.187702
384,0.432749,0.632479,0.513889
385,0.0501672,1,0.0955414
386,0.369369,0.87234,0.518987
387,0.336,0.466667,0.390698
388,0.685185,0.755102,0.718447
389,0.446309,0.678571,0.538462
390,0.479401,0.707182,0.571429
391,0.350365,0.90566,0.505263
392,0.395062,0.646465,0.490421
393,0.325893,0.901235,0.478689
394,0.447154,0.679012,0.539216
395,0.150685,0.673469,0.246269
396,0.514451,0.546012,0.529762
397,0.408759,0.756757,0.530806
398,0.174551,0.537688,0.263547
399,0.235405,0.968992,0.378788
400,0.626168,0.87013,0.728261
401,0.817391,0.79661,0.806867
402,0.362963,0.890909,0.515789
403,0.215859,0.816667,0.341463
404,0.0578603,0.883333,0.108607
405,0.473538,0.899471,0.620438
406,0.219814,0.946667,0.356784
407,0.387812,0.732984,0.507246
408,0.653179,0.856061,0.740984
409,0.609524,0.955224,0.744186
410,0.39645,0.656863,0.494465
411,0.614865,0.684211,0.647687
412,0.174074,0.566265,0.266289
413,0.271293,1,0.426799
414,0.0502611,1,0.0957116
415,0.440613,0.798611,0.567901
416,0.510638,0.45283,0.48
417,0.305263,0.508772,0.381579
418,0.372881,0.814815,0.511628
419,0.75,1,0.857143
420,0.131922,1,0.233094
421,0.773333,0.508772,0.613757
422,0.16269,0.925926,0.276753
423,0.345725,0.920792,0.502703
424,0.261682,0.7,0.380952
425,0.033394,1,0.0646298
426,0.709677,0.725275,0.717391
427,0.360111,0.915493,0.516899
428,0.243346,0.955224,0.387879
429,0.671233,0.790323,0.725926
430,0.257143,0.880435,0.398034
431,0.116013,1,0.207906
432,0.103226,1,0.187135
433,0.396985,0.940476,0.558304
434,0.526316,0.291971,0.375587
435,0.020526,1,0.0402263
436,0.216463,0.771739,0.338095
437,0.712121,0.886792,0.789916
438,0.780488,0.842105,0.810127
439,0.0843653,0.981982,0.155381
440,0.589474,0.875,0.704403
441,0.384906,0.728571,0.503704
442,0.676349,0.987879,0.802956
443,0.196532,0.957746,0.326139
444,0.0397083,1,0.0763835
445,0.52093,0.848485,0.645533
446,0.246418,0.86,0.383073
447,0.111322,0.93617,0.198982
448,0.1893,0.851852,0.309764
449,0.0931373,0.966102,0.169896
450,0.0702479,0.971429,0.131021
451,0.251613,0.609375,0.356164
452,0.677778,0.677778,0.677778
453,0.362903,0.75,0.48913
454,0.167059,1,0.28629
455,0.785714,1,0.88
456,0.0592695,1,0.111906
457,0.476636,0.962264,0.6375
458,0.126629,0.747253,0.216561
459,0.116054,0.983607,0.207612
460,0.515625,0.88,0.650246
461,0.056501,0.988095,0.10689
462,0.162362,0.333333,0.218362
463,0.0703259,0.594203,0.125767
464,0.0971129,0.961039,0.1764
465,0.226619,0.75,0.348066
466,0.371041,0.901099,0.525641
467,0.59854,0.88172,0.713043
468,0.328063,0.85567,0.474286
469,0.134078,0.45283,0.206897
470,0.111268,0.975309,0.199747
471,0.209375,0.917808,0.340967
472,0.496855,0.724771,0.589552
473,0.77907,0.587719,0.67
474,0.412621,0.894737,0.564784
475,0.48289,0.717514,0.577273
476,0.0931744,0.988506,0.170297
477,0.111111,1,0.2
478,0.0804455,0.984848,0.148741
479,0.657143,0.884615,0.754098
480,0.388889,0.601562,0.472393
481,0.114878,1,0.206081
482,0.312941,0.943262,0.469965
483,0.0748718,0.986486,0.13918
484,0.317536,0.577586,0.409786
485,0.644444,0.865672,0.738854
486,0.232558,0.714286,0.350877
487,0.0965795,1,0.176147
488,0.222222,0.857143,0.352941
489,0.10119,0.971429,0.183288
490,0.357143,0.918367,0.514286
491,0.182203,0.877551,0.301754
492,0.901408,1,0.948148
493,0.612403,0.686957,0.647541
494,0.20029,0.926174,0.329356
495,0.471014,0.984848,0.637255
496,0.557377,0.653846,0.60177
497,0.191972,0.88,0.315186
498,0.136891,0.819444,0.234592
499,0.359281,0.952381,0.521739
500,0.401869,0.728814,0.518072
501,0.0837209,0.9,0.153191
502,0.353503,0.847328,0.498876
503,0.189364,0.993197,0.318083
504,0.571429,0.95,0.713615
505,0.309179,0.477612,0.375367
506,0.463415,1,0.633333
507,0.141538,0.92,0.245333
508,0.23301,0.923077,0.372093
509,0.108025,0.875,0.192308
510,0.0790173,0.875,0.144945
511,0.669565,0.403141,0.503268
512,0.555,0.940678,0.698113
513,0.589404,0.936842,0.723577
514,0.909091,1,0.952381
515,0.654206,0.721649,0.686275
516,0.120332,0.925532,0.212974
517,0.947368,0.947368,0.947368
518,0.173295,0.508333,0.258475
519,0.362745,0.850575,0.508591
520,0.17331,0.724638,0.27972
521,0.601227,0.547486,0.573099
522,0.513932,0.922222,0.66004
523,0.10865,0.903509,0.193974
524,0.705882,0.9,0.791209
525,0.579787,0.872,0.696486
526,0.489655,0.731959,0.586777
527,0.305389,1,0.46789
528,0.331658,0.573913,0.420382
529,0.525641,0.650794,0.58156
530,0.469388,0.567901,0.513966
531,0.680328,0.653543,0.666667
532,0.424,0.990654,0.593838
533,0.537634,0.290698,0.377358
534,0.444444,0.962963,0.608187
535,0.690141,0.954545,0.80109
536,0.0706244,0.971831,0.131679
537,0.254753,0.893333,0.39645
538,0.456693,0.865672,0.597938
539,0.424929,0.824176,0.560748
540,0.19726,0.827586,0.318584
541,0.0662932,1,0.124343
542,0.0078869,1,0.0156504
543,0.473934,0.584795,0.52356
544,0.0954861,0.973451,0.173913
545,0.29932,0.455959,0.361396
546,0.350962,0.695238,0.466454
547,0.0614224,1,0.115736
548,0.344595,0.927273,0.502463
549,0.215217,1,0.354204
550,0.69,0.811765,0.745946
551,0.286145,0.725191,0.410367
552,0.47482,0.605505,0.532258
553,0.208571,0.986486,0.34434
554,0.286713,0.759259,0.416244
555,0.716049,0.966667,0.822695
556,0.697479,0.528662,0.601449
557,0.0353857,1,0.0683527
558,0.292373,0.971831,0.449511
559,0.204082,0.6,0.304569
560,0.032566,1,0.0630778
561,0.0944056,1,0.172524
562,0.716667,0.895833,0.796296
563,0.426667,0.744186,0.542373
564,0.628788,0.775701,0.694561
565,0.215447,0.768116,0.336508
566,0.441176,0.932203,0.598911
567,0.501608,0.945455,0.655462
568,0.469072,0.91,0.619048
569,0.0669078,0.891566,0.124474
570,0.195021,0.886792,0.319728
571,0.74359,0.737288,0.740426
572,0.878049,0.9,0.888889
573,0.203762,1,0.338542
574,0.247899,0.921875,0.390728
575,0.495413,0.453782,0.473684
576,0.527132,0.690355,0.597802
577,0.147122,0.802326,0.248649
578,0.22973,0.962264,0.370909
579,0.297521,0.96,0.454259
580,0.563291,0.864078,0.681992
581,0.141899,0.690217,0.235403
582,0.536424,0.698276,0.606742
583,0.067053,0.861702,0.124424
584,0.4,0.606742,0.482143
585,0.839286,0.94,0.886792
586,0.0479148,0.990826,0.0914092
587,0.5,0.784946,0.610879
588,0.489362,0.901961,0.634483
589,0.128329,0.981481,0.226981
590,0.208,0.525253,0.297994
591,0.171875,0.820896,0.284238
592,0.128155,1,0.227194
593,0.167139,0.487603,0.248945
594,0.646018,0.960526,0.772487
595,0.455882,0.775,0.574074
596,0.0889894,0.678161,0.157333
597,0.222973,0.985075,0.363636
598,0.260586,0.963855,0.410256
599,0.138249,0.952381,0.241449
600,0.540881,0.677165,0.601399
601,0.395349,0.894737,0.548387
602,0.418033,0.703448,0.524422
603,0.617834,0.788618,0.692857
604,0.276423,0.883117,0.421053
605,0.644737,0.757732,0.696682
606,0.0453421,1,0.0867508
607,0.451777,0.700787,0.549383
608,0.0994953,0.985714,0.180747
609,0.235,0.94,0.376
610,0.079661,1,0.147567
611,0.527473,0.653061,0.583587
612,0.0995204,0.954023,0.180239
613,0.206751,1,0.342657
614,0.121212,1,0.216216
615,0.156863,0.702703,0.256473
616,0.425743,0.544304,0.477778
617,0.458333,0.601562,0.52027
618,0.39823,0.9375,0.559006
619,0.828125,0.546392,0.658385
620,0.828829,0.70229,0.760331
621,0.136253,0.397163,0.202899
622,0.685714,0.90566,0.780488
623,0.157975,0.705479,0.258145
624,0.262605,0.968992,0.413223
625,0.145455,0.2,0.168421
626,0.511628,0.814815,0.628571
627,0.291667,1,0.451613
628,0.741935,0.978723,0.844037
629,0.566667,0.619792,0.59204
630,0.348643,0.932961,0.507599
631,0.437768,0.918919,0.593023
632,0.30303,0.864198,0.448718
633,0.205539,0.946309,0.337725
634,0.136842,0.847826,0.23565
635,0.461078,0.905882,0.611111
636,0.195062,0.503185,0.281139
637,0.391608,0.772414,0.519722
638,0.0643322,0.9875,0.120795
639,0.441558,0.390805,0.414634
640,0.205202,0.959459,0.338095
641,0.637681,0.830189,0.721311
642,0.0549321,1,0.104143
643,0.324444,0.715686,0.446483
644,0.503268,0.484277,0.49359
645,0.22082,1,0.361757
646,0.240964,0.550459,0.335196
647,0.171913,0.403409,0.241087
648,0.176829,0.659091,0.278846
649,0.133971,0.982456,0.235789
650,0.150943,0.901408,0.258586
651,0.17341,1,0.295567
652,0.396552,0.676471,0.5
653,0.354331,0.789474,0.48913
654,0.14121,0.890909,0.243781
655,0.0416233,0.987654,0.0798802
656,0.724138,0.512195,0.6
657,0.0402085,1,0.0773085
658,0.150074,0.537234,0.234611
659,0.145553,1,0.254118
660,0.78125,0.735294,0.757576
661,0.644444,0.878788,0.74359
662,0.0945758,1,0.172808
663,0.400447,0.913265,0.556765
664,0.651163,0.504505,0.568528
665,0.575758,0.686747,0.626374
666,0.198783,0.790323,0.317666
667,0.407563,0.723881,0.521505
668,0.396226,0.851351,0.540773
669,0.141962,0.957746,0.247273
670,0.340237,0.676471,0.452756
671,0.6875,0.846154,0.758621
672,0.254237,0.925926,0.398936
673,0.0659341,0.84,0.122271
674,0.0175709,1,0.034535
675,0.734694,0.724832,0.72973
676,0.354386,0.814516,0.493888
677,0.436782,0.666667,0.527778
678,0.238095,1,0.384615
679,0.550898,0.978723,0.704981
680,0.155172,0.210938,0.178808
681,0.130579,1,0.230994
682,0.692308,0.84,0.759036
683,0.538961,0.72807,0.619403
684,0.560606,0.496644,0.52669
685,0.187675,0.917808,0.311628
686,0.571429,1,0.727273
687,0.171913,0.910256,0.289206
688,0.121795,0.850746,0.213084
689,0.134615,0.170732,0.150538
690,0.0853659,1,0.157303
691,0.352601,0.968254,0.516949
692,0.336735,1,0.503817
693,0.154887,0.953704,0.266494
694,0.561497,0.681818,0.615836
695,0.267123,0.975,0.419355
696,0.129683,0.825688,0.224159
697,0.40249,0.580838,0.47549
698,0.0802292,1,0.148541
699,0.714286,0.913706,0.801782
700,0.253659,0.962963,0.401544
701,0.515464,0.862069,0.645161
702,0.241458,0.646341,0.351575
703,0.806452,0.943396,0.869565
704,0.657534,0.705882,0.680851
705,0.539394,0.478495,0.507123
706,0.0863309,0.774194,0.15534
707,0.42446,0.967213,0.59
708,0.169279,0.964286,0.288
709,0.229358,0.954198,0.369822
710,0.0408163,0.895522,0.0780742
711,0.245232,0.818182,0.377358
712,0.154728,0.981818,0.267327
713,0.513812,0.781513,0.62
714,0.108073,0.943182,0.193925
715,0.25122,0.830645,0.385768
716,0.641975,0.945455,0.764706
717,0.0875386,1,0.160985
718,0.622642,0.507692,0.559322
719,0.448454,0.707317,0.548896
720,0.2,0.903226,0.327485
721,0.5,0.720588,0.590361
722,0.153302,0.942029,0.263692
723,0.3213,0.927083,0.477212
724,0.211221,0.927536,0.344086
725,0.647059,0.808824,0.718954
726,0.223214,0.925926,0.359712
727,0.657534,0.732824,0.693141
728,0.125997,0.9875,0.223479
729,0.747126,0.714286,0.730337
730,0.0622776,0.921053,0.116667
731,0.0920502,0.88,0.166667
732,0.0606618,1,0.114385
733,0.24569,0.982759,0.393103
734,0.697368,0.456897,0.552083
735,0.215385,0.823529,0.341463
736,0.206349,0.981132,0.340984
737,0.521978,0.863636,0.650685
738,0.402062,0.78,0.530612
739,0.620915,0.625,0.622951
740,0.165266,0.967213,0.282297
741,0.189944,0.425,0.262548
742,0.17193,0.98,0.292537
743,0.151111,0.666667,0.246377
744,0.0973725,0.954545,0.176718
745,0.737327,0.837696,0.784314
746,0.509259,0.662651,0.575916
747,0.078125,0.989011,0.144811
748,0.187902,0.843931,0.307368
749,0.153374,1,0.265957
750,0.829268,0.809524,0.819277
751,0.588235,0.916031,0.716418
752,0.592814,0.673469,0.630573
753,0.104031,0.56338,0.175631
754,0.313433,0.223404,0.26087
755,0.713178,0.893204,0.793103
756,0.528302,0.509091,0.518519
757,0.0010069,1,0.00201178
758,0.104587,1,0.189369
759,0.126685,1,0.22488
760,0.144246,0.855769,0.246879
761,0.190698,0.854167,0.311787
762,0.194286,0.641509,0.298246
763,0.758065,0.824561,0.789916
764,0.267658,1,0.422287
765,0.825503,0.960938,0.888087
766,0.188329,0.743455,0.300529
767,0.0359712,0.590909,0.0678143
768,0.768421,0.924051,0.83908
769,0.226974,1,0.369973
770,0.803922,0.788462,0.796117
771,0.502439,0.880342,0.639752
772,0.0834697,0.980769,0.153846
773,0.443787,0.773196,0.56391
774,0.531792,0.686567,0.599349
775,0.17452,0.909091,0.292826
776,0.0770065,0.972603,0.142714
777,0.243478,0.903226,0.383562
778,0.553191,0.753623,0.638037
779,0.511278,0.42236,0.462585
780,0.203501,0.93,0.333932
781,0.101562,0.928571,0.183099
782,0.675,0.680672,0.677824
783,0.128913,0.76087,0.220472
784,0.490385,0.822581,0.614458
785,0.608696,0.815534,0.697095
786,0.264,1,0.417722
787,0.383929,0.977273,0.551282
788,0.553398,0.456,0.5
789,0.210843,0.972222,0.346535
790,0.190647,0.981481,0.319277
791,0.184669,0.963636,0.309942
792,0.496063,0.875,0.633166
793,0.114724,0.933824,0.204344
794,0.155925,0.898204,0.265722
795,0.0798859,1,0.147952
796,0.0957447,0.732558,0.169355
797,0.385185,0.565217,0.45815
798,0.0827301,0.851064,0.150801
799,0.158371,0.972222,0.272374
800,0.103314,1,0.187279
801,0.553719,0.788235,0.650485
802,0.411215,0.488889,0.446701
803,0.296137,0.873418,0.442308
804,0.349057,0.379487,0.363636
805,0.107544,0.971014,0.193642
806,0.212219,1,0.350133
807,0.46875,0.494505,0.481283
808,0.0799031,0.985075,0.147816
809,0.692308,0.72973,0.710526
810,0.179402,0.9,0.299169
811,0.542857,0.737864,0.625514
812,0.203866,1,0.338686
813,0.321168,0.967033,0.482192
814,0.389078,0.904762,0.544153
815,0.431953,0.802198,0.561538
816,0.12249,0.635417,0.205387
817,0.496815,0.901734,0.640657
818,0.382979,0.888889,0.535316
819,0.105832,0.98,0.191033
820,0.166124,1,0.284916
821,0.236735,0.725,0.356923
822,0.688679,0.776596,0.73
823,0.120505,1,0.215091
824,0.102538,0.943925,0.184982
825,0.7,0.84,0.763636
826,0.504425,0.695122,0.584615
827,0.166667,0.886179,0.280566
828,0.328877,0.97619,0.492
829,0.155797,0.358333,0.217172
830,0.0803134,1,0.148685
831,0.123932,0.935484,0.218868
832,0.313433,0.976744,0.474576
833,0.630952,0.854839,0.726027
834,0.138952,1,0.244
835,0.269006,0.582278,0.368
836,0.521472,0.833333,0.641509
837,0.294985,0.75188,0.423729
838,0.05743,0.963855,0.108401
839,0.313725,0.820513,0.453901
840,0.145683,0.987805,0.253918
841,0.541872,0.56701,0.554156
842,0.462121,0.835616,0.595122
843,0.145401,1,0.253886
844,0.144262,0.967033,0.25107
845,0.522059,0.845238,0.645455
846,0.780488,0.816327,0.798005
847,0.338843,0.87234,0.488095
848,0.160677,0.987013,0.276364
849,0.217391,0.87156,0.347985
850,0.235294,0.941176,0.376471
851,0.201278,0.984375,0.334218
852,0.0581633,0.982759,0.109827
853,0.613402,0.687861,0.648501
854,0.638298,0.909091,0.75
855,0.125874,0.765957,0.216216
856,0.228571,1,0.372093
857,0.211663,0.960784,0.346903
858,0.231928,0.987179,0.37561
859,0.112948,0.5,0.18427
860,0.245614,0.636364,0.35443
861,0.362745,0.853846,0.509174
862,0.685185,0.596774,0.637931
863,0.109541,0.894231,0.195173
864,0.312849,0.965517,0.472574
865,0.167155,0.982759,0.285714
866,0.170213,0.982456,0.290155
867,0.301887,0.955224,0.458781
868,0.128571,0.969231,0.227027
869,0.117166,0.767857,0.20331
870,0.106209,0.970149,0.191458
871,0.296512,0.68,0.412955
872,0.254237,0.925926,0.398936
873,0.23221,0.984127,0.375758
874,0.0232784,1,0.0454976
875,0.586592,0.777778,0.66879
876,0.829268,0.809524,0.819277
877,0.532787,0.419355,0.469314
878,0.188049,0.990741,0.3161
879,0.588235,0.840336,0.692042
880,0.111266,0.869565,0.197287
881,0.259542,0.971429,0.409639
882,0.674242,0.780702,0.723577
883,0.617647,0.7,0.65625
884,0.0672515,1,0.126027
885,0.612903,0.904762,0.730769
886,0.167315,0.767857,0.27476
887,0.00140616,1,0.00280837
888,0.114618,0.907895,0.20354
889,0.584071,0.795181,0.673469
890,0.703704,0.35625,0.473029
891,0.513228,0.757812,0.611987
892,0.112245,1,0.201835
893,0.631579,0.674157,0.652174
894,0.425926,0.978723,0.593548
895,0.714286,0.743243,0.728477
896,0.601307,0.760331,0.671533
897,0.804878,0.804878,0.804878
898,0.161905,0.944444,0.276423
899,0.568047,0.494845,0.528926
900,0.436242,1,0.607477
901,0.109195,1,0.196891
902,0.36338,0.811321,0.501946
903,0.159204,0.752941,0.262834
904,0.743243,0.662651,0.700637
905,0.142857,0.96875,0.248996
906,0.583333,1,0.736842
907,0.574468,0.885246,0.696774
908,0.325,0.857143,0.471299
909,0.181818,0.971429,0.306306
910,0.464387,0.819095,0.592727
911,0.0430108,0.983607,0.0824176
912,0.416667,0.855263,0.560345
913,0.586387,0.612022,0.59893
914,0.164013,1,0.281806
915,0.00146505,1,0.00292581
916,0.3213,0.801802,0.458763
917,0.133949,0.95082,0.234818
918,0.396985,0.79798,0.530201
919,0.547718,0.857143,0.668354
920,0.160338,0.558824,0.24918
921,0.595506,0.757143,0.666667
922,0.505051,0.862069,0.636943
923,0.0166909,1,0.0328337
924,0.137011,0.447674,0.209809
925,0.188482,0.6,0.286853
926,0.237785,0.811111,0.367758
927,0.255937,0.979798,0.405858
928,0.298113,0.940476,0.452722
929,0.108527,0.21875,0.145078
930,0.902439,0.787234,0.840909
931,0.268456,0.43956,0.333333
932,0.714286,0.777778,0.744681
933,0.207317,0.761194,0.325879
934,0.793651,0.735294,0.763359
935,0.132335,0.981481,0.233223
936,0.221053,0.969231,0.36
937,0.627451,0.688172,0.65641
938,0.433014,0.942708,0.593443
939,0.419643,0.886792,0.569697
940,0.371429,0.77381,0.501931
941,0.149184,0.984615,0.259109
942,0.221719,0.98,0.361624
943,0.501992,0.926471,0.651163
944,0.550898,0.730159,0.627986
945,0.0971599,0.792683,0.173103
946,0.410646,0.744828,0.529412
947,0.75,0.883249,0.811189
948,0.31677,0.772727,0.449339
949,0.174041,0.936508,0.293532
950,0.720721,0.888889,0.79602
951,0.10467,0.890411,0.18732
952,0.417989,0.675214,0.51634
953,0.343137,0.57377,0.429448
954,0.299242,0.951807,0.455331
955,0.161905,1,0.278689
956,0.128913,0.958904,0.227273
957,0.0501497,0.985294,0.0954416
958,0.659259,0.855769,0.74477
959,0.751938,0.746154,0.749035
960,0.217647,0.986667,0.356627
961,0.357143,0.32967,0.342857
962,0.774194,0.685714,0.727273
963,0.037491,1,0.0722724
964,0.581818,0.901408,0.707182
965,0.857143,1,0.923077
966,0.30531,0.50365,0.380165
967,0.636943,0.813008,0.714286
968,0.52,0.0722222,0.126829
969,0.162712,0.872727,0.274286
970,0.056338,1,0.106667
971,0.175347,0.980583,0.297496
972,0.183183,0.983871,0.308861
973,0.125,1,0.222222
974,0.357143,0.935252,0.516899
975,0.181818,0.909091,0.30303
976,0.216958,0.925532,0.351515
977,0.829268,0.85,0.839506
978,0.284274,0.829412,0.423423
979,0.404313,0.961538,0.56926
980,0.555556,0.621469,0.586667
981,0.270492,0.266129,0.268293
982,0.350993,0.963636,0.514563
983,0.107774,0.968254,0.193959
984,0.168831,0.764706,0.276596
985,0.146727,0.730337,0.244361
986,0.0739496,0.671756,0.133232
987,0.48374,0.881481,0.624672
988,0.0475847,0.985075,0.090784
989,0.075188,0.945946,0.139303
990,0.56962,0.592105,0.580645
991,0.242206,0.971154,0.387716
992,0.182971,0.827869,0.299703
993,0.216216,0.949153,0.352201
994,0.662857,0.913386,0.768212
995,0.165775,1,0.284404
996,0.117063,0.299492,0.168331
997,0.566667,0.910714,0.69863
998,0.331731,0.92,0.487633
999,0.582707,0.885714,0.702948
1000,0.141058,1,0.247241
1001,0.8,0.896552,0.845528
1002,0.389474,0.850575,0.534296
1003,0.212598,0.89011,0.34322
1004,0.225962,0.959184,0.365759
1005,0.124031,1,0.22069
1006,0.138182,0.76,0.233846
1007,0.541935,0.954545,0.691358
1008,0.572816,0.867647,0.690058
1009,0.22488,0.712121,0.341818
1010,0.243386,0.893204,0.382536
1011,0.109929,1,0.198083
1012,0.355556,0.834783,0.498701
1013,0.131894,0.647059,0.219124
1014,0.696335,0.869281,0.773256
1015,0.0821326,0.982759,0.151596
1016,0.517045,0.705426,0.596721
1017,0.336957,0.807292,0.47546
1018,0.199391,0.770588,0.316808
1019,0.254125,0.9625,0.402089
1020,0.107216,0.990476,0.193488
1021,0.650407,0.695652,0.672269
1022,0.403974,0.953125,0.567442
1023,0.576923,0.903614,0.704225
1024,0.592,0.762887,0.666667
1025,0.0984683,1,0.179283
1026,0.447059,0.383838,0.413043
1027,0.19715,0.813725,0.3174
1028,0.518868,0.714286,0.601093
1029,0.289809,1,0.449383
1030,0.230769,0.5,0.315789
1031,0.614679,0.950355,0.746518
1032,0.225806,0.938144,0.364
1033,0.159468,0.475248,0.238806
1034,0.220551,1,0.361396
1035,0.857143,0.791209,0.822857
1036,0.115512,1,0.207101
1037,0.878049,0.818182,0.847059
1038,0.484848,0.901408,0.630542
1039,0.465753,0.251852,0.326923
1040,0.423841,0.831169,0.561404
1041,0.715686,0.901235,0.797814
1042,0.300971,0.885714,0.449275
1043,0.465409,0.925,0.619247
1044,0.324638,0.903226,0.477612
1045,0.106436,0.955556,0.191537
1046,0.0686518,0.976471,0.128284
1047,0.0954447,0.916667,0.172888
1048,0.344697,0.91,0.5
1049,0.623656,0.783784,0.694611
1050,0.00105923,1,0.00211622
1051,0.299035,0.93,0.452555
1052,0.432602,0.811765,0.564417
1053,0.25,0.942857,0.39521
1054,0.634146,0.981132,0.77037
1055,0.192982,0.985075,0.322738
1056,0.226496,0.427419,0.296089
1057,0.40146,0.887097,0.552764
1058,0.194161,0.923611,0.320869
1059,0.445428,0.766497,0.563433
1060,0.635593,0.797872,0.707547
1061,0.63964,0.596639,0.617391
1062,0.432526,0.961538,0.596659
1063,0.823529,0.823529,0.823529
1064,0.198966,0.562044,0.293893
1065,0.362805,0.730061,0.484725
1066,0.141593,1,0.248062
1067,0.5,0.776596,0.608333
1068,0.100424,0.97931,0.182168
1069,0.782609,0.83237,0.806723
1070,0.1625,1,0.27957
1071,0.21322,0.574713,0.311042
1072,0.651685,0.414286,0.50655
1073,0.297297,0.942857,0.452055
1074,0.641026,0.625,0.632911
1075,0.502415,0.634146,0.560647
1076,0.449074,0.638158,0.527174
1077,0.234756,0.885057,0.371084
1078,0.0955631,1,0.174455
1079,0.32971,0.81982,0.470284
1080,0.522124,0.967213,0.678161
1081,0.342857,0.694737,0.45913
1082,0.49359,0.620968,0.55
1083,0.207637,0.649254,0.314647
1084,0.221698,0.903846,0.356061
1085,0.26087,0.849558,0.399168
1086,0.507937,0.969697,0.666667
1087,0.117438,1,0.210191
1088,0.161043,0.846774,0.270619
1089,0.701613,0.915789,0.794521
1090,0.540541,0.744681,0.626398
1091,0.343832,0.784431,0.478102
1092,0.173121,0.853933,0.287879
1093,0.504854,0.981132,0.666667
1094,0.259036,0.521212,0.346076
1095,0.0716146,1,0.133657
1096,0.202279,0.993007,0.336095
1097,0.220779,0.85,0.350515
1098,0.289809,0.866667,0.434368
1099,0.192399,0.964286,0.320792
1100,0.413793,0.6,0.489796
1101,0.174074,0.839286,0.288344
1102,0.401515,0.473214,0.434426
1103,0.736264,0.8375,0.783626
1104,0.502415,0.541667,0.521303
1105,0.181818,0.962025,0.305835
1106,0.705882,0.923077,0.8
1107,0.325482,0.868571,0.47352
1108,0.440559,0.715909,0.545455
1109,0.0968188,0.985915,0.176322
1110,0.13447,0.78022,0.229402
1111,0.501629,0.819149,0.622222
1112,0.113506,0.806122,0.198992
1113,0.6,0.366906,0.455357
1114,0.75,0.818182,0.782609
1115,0.847458,0.909091,0.877193
1116,0.128954,1,0.228448
1117,0.683938,0.923077,0.785714
1118,0.701613,0.530488,0.604167
1119,0.201166,0.496403,0.286307
1120,0.0696356,0.988506,0.130106
1121,0.454936,0.785185,0.576087
1122,0.469231,0.945736,0.627249
1123,0.481818,0.726027,0.579235
1124,0.0402556,1,0.0773956
1125,0.25,0.415205,0.312088
1126,0.875,0.890909,0.882883
1127,0.675676,0.517241,0.585937
1128,0.712871,0.533333,0.610169
1129,0.0529287,0.974026,0.100402
1130,0.474453,0.902778,0.62201
1131,0.771429,0.5625,0.650602
1132,0.136513,0.669355,0.226776
1133,0.0915438,0.95935,0.167139
1134,0.434043,0.625767,0.512563
1135,0.187943,1,0.316418
1136,0.625,0.76087,0.686275
1137,0.380597,0.944444,0.542553
1138,0.202703,0.957447,0.334572
1139,0.248588,0.511628,0.334601
1140,0.105442,0.57764,0.178332
1141,0.145205,0.716216,0.241458
1142,0.331551,0.663102,0.442068
1143,0.093985,1,0.171821
1144,0.325581,0.903226,0.478632
1145,0.542553,0.944444,0.689189
1146,0.218354,0.985714,0.357513
1147,0.554745,0.915663,0.690909
1148,0.772059,0.913043,0.836653
1149,0.894737,0.772727,0.829268
1150,0.44898,0.932203,0.606061
1151,0.829268,0.809524,0.819277
1152,0.200957,0.976744,0.333333
1153,0.416667,0.977011,0.584192
1154,0.116601,0.921875,0.207018
1155,0.276,0.884615,0.420732
1156,0.0596421,0.952381,0.112254
1157,0.278912,0.803922,0.414141
1158,0.475196,0.957895,0.635253
1159,0.56962,0.782609,0.659341
1160,0.0840999,0.876712,0.153477
1161,0.712329,0.712329,0.712329
1162,0.157738,0.946429,0.270408
1163,0.522523,0.943089,0.672464
1164,0.481818,0.751773,0.587258
1165,0.305804,0.815476,0.444805
1166,0.75,0.851351,0.797468
1167,0.404255,0.111111,0.174312
1168,0.0630713,0.971831,0.118455
1169,0.468571,0.752294,0.577465
1170,0.102732,0.895238,0.184314
1171,0.462585,0.957746,0.623853
1172,0.613636,0.80597,0.696774
1173,0.625,0.769231,0.689655
1174,0.584821,0.704301,0.639024
1175,0.10122,0.873684,0.181421
1176,0.804878,0.804878,0.804878
1177,0.173489,0.956989,0.293729
1178,0.52451,0.769784,0.623907
1179,0.137725,1,0.242105
1180,0.772152,0.635417,0.697143
1181,0.621212,0.911111,0.738739
1182,0.744681,0.393258,0.514706
1183,0.366412,0.947368,0.52844
1184,0.448819,0.942149,0.608
1185,0.626761,0.532934,0.576052
1186,0.389831,0.971831,0.556452
1187,0.726027,0.654321,0.688312
1188,0.538462,0.459016,0.495575
1189,0.709184,0.743316,0.725849
1190,0.578616,0.786325,0.666667
1191,0.54023,0.758065,0.630872
1192,0.188679,0.612245,0.288462
1193,0.568862,0.719697,0.635452
1194,0.08981,0.981132,0.164557
1195,0.694915,0.719298,0.706897
1196,0.743243,0.654762,0.696203
1197,0.6,0.724138,0.65625
1198,0.135,0.206107,0.163142
1199,0.796875,0.894737,0.842975
1200,0.516667,0.3875,0.442857
1201,0.553957,0.663793,0.603922
1202,0.396341,0.942029,0.55794
1203,0.866667,0.955882,0.909091
1204,0.0988468,1,0.17991
1205,0.804878,0.825,0.814815
1206,0.198473,0.962963,0.329114
1207,0.177049,1,0.300836
1208,0.218354,0.958333,0.35567
1209,0.88,0.874172,0.877076
1210,0.137143,1,0.241206
1211,0.189252,0.931034,0.314563
1212,0.702128,0.93617,0.802432
1213,0.181552,0.879433,0.300971
1214,0.492308,0.581818,0.533333
1215,0.470899,0.801802,0.593333
1216,0.141732,0.734694,0.237624
1217,0.249458,0.974576,0.397237
1218,0.157754,0.967213,0.271264
1219,0.360324,0.956989,0.523529
1220,0.143243,0.757143,0.240909
1221,0.353982,0.952381,0.516129
1222,0.853659,0.813953,0.833333
1223,0.62381,0.661616,0.642157
1224,0.484615,0.741176,0.586047
1225,0.249275,0.819048,0.382222
1226,0.519337,0.831858,0.639456
1227,0.3375,0.771429,0.469565
1228,0.236486,0.909091,0.375335
1229,0.113636,0.898876,0.201765
1230,0.498316,0.936709,0.650549
1231,0.418803,0.803279,0.550562
1232,0.5,1,0.666667
1233,0.217391,0.733333,0.335366
1234,0.559701,0.441176,0.493421
1235,0.494465,0.72043,0.586433
1236,0.352201,0.949153,0.513761
1237,0.192727,0.757143,0.307246
1238,0.546875,0.724138,0.623145
1239,0.385185,0.975,0.552212
1240,0.57971,0.490798,0.531561
1241,0.107784,0.885246,0.192171
1242,0.385768,0.844262,0.529563
1243,0.249307,0.967742,0.396476
1244,0.0474347,0.98,0.0904894
1245,0.307407,0.882979,0.456044
1246,0.0982143,1,0.178862
1247,0.7625,0.782051,0.772152
1248,0.150838,0.981818,0.261501
1249,0.558952,0.876712,0.682667
1250,0.278978,0.940397,0.430303
1251,0.221649,0.796296,0.346774
1252,0.0914676,0.978102,0.167291
1253,0.151365,0.701149,0.24898
1254,0.101562,0.970149,0.183876
1255,0.264516,0.88172,0.406948
1256,0.300781,1,0.462462
1257,0.470588,0.827586,0.6
1258,0.014601,0.697297,0.0286031
1259,0.666667,0.861789,0.751773
1260,0.761905,0.979592,0.857143
1261,0.398601,0.934426,0.558824
1262,0.116788,0.979592,0.208696
1263,0.267081,0.380531,0.313869
1264,0.741071,0.515528,0.608059
1265,0.166667,0.75,0.272727
1266,0.204444,0.707692,0.317241
1267,0.23588,0.67619,0.349754
1268,0.622449,0.495935,0.552036
1269,0.139803,0.73913,0.235131
1270,0.125373,0.724138,0.21374
1271,0.079561,1,0.147395
1272,0.643836,0.639456,0.641638
1273,0.503145,0.91954,0.650407
1274,0.0834273,0.936709,0.153209
1275,0.752809,0.626168,0.683673
1276,0.606061,0.884956,0.719424
1277,0.153043,0.778761,0.255814
1278,0.39548,0.795455,0.528302
1279,0.477833,0.697842,0.567251
1280,0.151515,0.795455,0.254545
1281,0.140762,0.986301,0.246364
1282,0.114486,0.942308,0.204167
1283,0.155502,1,0.269151
1284,0.853659,0.853659,0.853659
1285,0.666667,0.857143,0.75
1286,0.144022,0.921739,0.249119
1287,0.178218,0.947368,0.3
1288,0.161765,0.961165,0.276923
1289,0.0377868,1,0.0728218
1290,0.220994,0.731707,0.339463
1291,0.384146,0.768293,0.512195
1292,0.792793,0.956522,0.866995
1293,0.141079,0.618182,0.22973
1294,0.535211,0.780822,0.635097
1295,0.577869,0.886792,0.699752
1296,0.383929,0.589041,0.464865
1297,0.461929,0.919192,0.614865
1298,0.122936,0.957143,0.217886
1299,0.177378,0.841463,0.292994
1300,0.0713333,0.981651,0.133002
1301,0.0683417,0.931507,0.127341
1302,0.604396,0.662651,0.632184
1303,0.763889,0.973451,0.856031
1304,0.380062,0.931298,0.539823
1305,0.673759,0.605096,0.637584
1306,0.390728,0.475806,0.429091
1307,0.0582072,1,0.110011
1308,0.909091,1,0.952381
1309,0.684932,0.862069,0.763359
1310,0.325153,0.913793,0.479638
1311,0.0565262,1,0.107004
1312,0.692913,0.594595,0.64
1313,0.262537,0.988889,0.414918
1314,0.113379,1,0.203666
1315,0.53012,0.830189,0.647059
1316,0.139459,0.984733,0.244318
1317,0.116928,0.957143,0.208398
1318,0.201493,1,0.335404
1319,0.121766,0.503145,0.196078
1320,0.773333,1,0.87218
1321,0.197895,0.895238,0.324138
1322,0.203175,1,0.337731
1323,0.116279,1,0.208333
1324,0.135392,0.982759,0.237996
1325,0.609589,0.908163,0.729508
1326,0.412214,0.947368,0.574468
1327,0.110744,0.985294,0.199108
1328,0.461905,0.850877,0.598765
1329,0.497326,0.570552,0.531429
1330,0.181287,0.837838,0.298077
1331,0.0833333,0.302632,0.130682
1332,0.0687575,0.838235,0.12709
1333,0.37037,0.813953,0.509091
1334,0.589552,0.897727,0.711712
1335,0.361991,0.620155,0.457143
1336,0.253968,0.351648,0.294931
1337,0.403409,0.731959,0.520147
1338,0.242798,0.936508,0.385621
1339,0.113725,0.90625,0.202091
1340,0.125581,1,0.22314
1341,0.169427,0.910959,0.285714
1342,0.150115,0.555556,0.236364
1343,0.0963082,0.967742,0.175182
1344,0.0401274,0.984375,0.0771114
1345,0.127172,0.993827,0.22549
1346,0.890625,0.890625,0.890625
1347,0.162757,0.940678,0.2775
1348,0.619565,0.780822,0.690909
1349,0.114907,0.961039,0.20527
1350,0.408397,0.891667,0.560209
1351,0.0884774,0.966292,0.162111
1352,0.0421179,1,0.0808314
1353,0.0885246,0.870968,0.160714
1354,0.634146,0.702703,0.666667
1355,0.829268,0.829268,0.829268
1356,0.546667,0.643979,0.591346
1357,0.542017,0.786585,0.641791
1358,0.238095,0.9375,0.379747
1359,0.347032,0.883721,0.498361
1360,0.191057,0.930693,0.317032
1361,0.151715,0.804196,0.255272
1362,0.573034,0.918919,0.705882
1363,0.689655,0.776699,0.730594
1364,0.204918,0.9375,0.336323
1365,0.622047,0.908046,0.738318
1366,0.0737968,0.958333,0.137041
1367,0.256158,0.495238,0.337662
1368,0.390071,0.948276,0.552764
1369,0.325,1,0.490566
1370,0.746667,0.982456,0.848485
1371,0.928571,1,0.962963
1372,0.246305,0.943396,0.390625
1373,0.112195,1,0.201754
1374,0.2,0.982456,0.332344
1375,0.719626,0.762376,0.740385
1376,0.673469,0.680412,0.676923
1377,0.305419,0.590476,0.402597
1378,0.074141,0.964706,0.137699
1379,0.116013,1,0.207906
1380,0.313208,0.882979,0.462396
1381,0.710843,0.766234,0.7375
1382,0.130769,0.246377,0.170854
1383,0.607477,0.884354,0.720222
1384,0.381679,0.980392,0.549451
1385,0.053307,0.964286,0.101029
1386,0.225,0.762712,0.34749
1387,0.721429,0.716312,0.718861
1388,0.388489,0.9,0.542714
1389,0.014218,1,0.0280374
1390,0.230769,0.56044,0.326923
1391,0.455128,0.70297,0.552529
1392,0.424,0.929825,0.582418
1393,0.413333,0.96875,0.579439
1394,0.40201,0.540541,0.461095
1395,0.16763,0.460317,0.245763
1396,0.193103,0.84,0.314019
1397,0.326923,0.801047,0.46434
1398,0.438462,0.904762,0.590674
1399,0.150124,0.975806,0.260215
1400,0.314607,0.976744,0.475921
1401,0.556604,0.893939,0.686047
1402,0.212202,0.987654,0.349345
1403,0.85567,0.821782,0.838384
1404,0.669118,0.933333,0.779443
1405,0.677165,0.494253,0.571429
1406,0.353234,0.601695,0.445141
1407,0.505319,0.590062,0.544413
1408,0.589091,0.910112,0.715232
1409,0.511848,0.75,0.608451
1410,0.493827,0.677966,0.571429
1411,0.696721,0.858586,0.769231
1412,0.00700356,1,0.0139097
1413,0.174098,0.438503,0.24924
1414,0.102293,0.920635,0.184127
1415,0.128411,0.941176,0.225989
1416,0.135628,1,0.238859
1417,0.145695,0.392857,0.21256
1418,0.788235,0.917808,0.848101
1419,0.80303,0.552083,0.654321
1420,0.60274,0.628571,0.615385
1421,0.136564,0.815789,0.233962
1422,0.731183,0.764045,0.747253
1423,0.687943,0.843478,0.757813
1424,0.734043,0.605263,0.663462
1425,0.223176,0.866667,0.354949
1426,0.378049,0.696629,0.490119
1427,0.158683,1,0.273902
1428,0.722222,0.573529,0.639344
1429,0.262537,0.674242,0.377919
1430,0.10338,1,0.187387
1431,0.0759312,0.946429,0.140584
1432,0.338583,0.796296,0.475138
1433,0.638498,0.824242,0.719577
1434,0.304207,0.803419,0.441315
1435,0.173175,0.962264,0.293525
1436,0.618557,0.677966,0.6469
1437,0.171348,0.570093,0.263499
1438,0.513274,0.920635,0.659091
1439,0.853659,0.795455,0.823529
1440,0.188742,0.372549,0.250549
1441,0.00114432,1,0.00228602
1442,0.159596,0.79798,0.265993
1443,0.251232,0.829268,0.385633
1444,0.43609,0.95082,0.597938
1445,0.205128,0.513761,0.293194
1446,0.681818,0.688073,0.684932
1447,0.246231,0.907407,0.387352
1448,0.161716,0.942308,0.276056
1449,0.179331,1,0.304124
1450,0.126582,0.987654,0.224404
1451,0.355072,0.907407,0.510417
1452,0.185804,0.978022,0.312281
1453,0.485207,0.88172,0.625954
1454,0.610465,0.755396,0.675241
1455,0.66,0.733333,0.694737
1456,0.102273,0.339623,0.157205
1457,0.0882353,0.964286,0.161677
1458,0.0328407,1,0.063593
1459,0.0849539,0.976471,0.156309
1460,0.642105,0.910448,0.753086
1461,0.792453,0.461538,0.583333
1462,0.808511,0.558824,0.66087
1463,0.697674,0.967742,0.810811
1464,0.161716,0.98,0.27762
1465,0.0962343,0.92,0.174242
1466,0.69863,0.864407,0.772727
1467,0.0992481,0.985075,0.180328
1468,0.12,0.979592,0.213808
1469,0.276596,0.821839,0.413893
1470,0.74359,0.865672,0.8
1471,0.423913,0.78,0.549296
1472,0.138776,0.69863,0.231555
1473,0.232416,1,0.377171
1474,0.611111,0.631148,0.620968
1475,0.370079,0.959184,0.534091
1476,0.046807,1,0.0894281
1477,0.0769231,1,0.142857
1478,0.120879,1,0.215686
1479,0.647059,0.93617,0.765217
1480,0.125405,0.991453,0.222649
1481,0.235405,0.932836,0.37594
1482,0.588889,0.963636,0.731034
1483,0.543046,0.509317,0.525641
1484,0.134454,0.441989,0.206186
1485,0.183333,0.846154,0.30137
1486,0.414474,0.940299,0.575342
1487,0.751678,0.643678,0.693498
1488,0.140351,0.963855,0.245023
1489,0.327044,0.896552,0.479263
1490,0.109756,0.9,0.195652
1491,0.684211,0.881356,0.77037
1492,0.220721,0.924528,0.356364
1493,0.132321,0.884058,0.230189
1494,0.640496,0.837838,0.725995
1495,0.526882,0.933333,0.67354
1496,0.222018,0.945312,0.359584
1497,0.370629,0.981481,0.538071
1498,0.392473,0.760417,0.51773
1499,0.154574,0.924528,0.264865
1500,0.56422,0.710983,0.629156
1501,0.132184,1,0.233503
1502,0.57561,0.641304,0.606684
1503,0.188153,0.981818,0.315789
1504,0.221154,0.351145,0.271386
1505,0.177049,0.278351,0.216433
1506,0.0350877,1,0.0677966
1507,0.381443,0.435294,0.406593
1508,0.233038,0.951807,0.374408
1509,0.297959,0.829545,0.438438
1510,0.623256,0.690722,0.655257
1511,0.666667,0.909091,0.769231
1512,0.000701508,1,0.00140203
1513,0.621212,0.854167,0.719298
1514,0.0727069,0.984848,0.135417
1515,0.201754,0.418182,0.272189
1516,0.283113,0.904762,0.431274
1517,0.404908,0.814815,0.540984
1518,0.277778,0.864198,0.42042
1519,0.0796875,0.962264,0.147186
1520,0.504274,0.893939,0.644809
1521,0.494048,0.638462,0.557047
1522,0.443478,0.784615,0.566667
1523,0.311871,0.861111,0.457903
1524,0.116105,0.497326,0.188259
1525,0.482085,0.870588,0.620545
1526,0.758929,0.858586,0.805687
1527,0.301829,0.970588,0.460465
1528,0.222222,0.912281,0.357388
1529,0.530233,0.838235,0.649573
1530,0.191721,0.916667,0.317117
1531,0.196667,0.967213,0.32687
1532,0.316109,0.954128,0.474886
1533,0.276527,0.966292,0.43
1534,0.150997,0.981481,0.261728
1535,0.625,0.228758,0.334928
1536,0.108286,0.705521,0.187755
1537,0.449367,0.959459,0.612069
1538,0.0417482,0.955224,0.08
1539,0.0917874,1,0.168142
1540,0.683099,0.723881,0.702899
1541,0.248387,0.987179,0.396907
1542,0.266129,0.90411,0.411215
1543,0.3219,0.792208,0.457786
1544,0.13617,1,0.2397
1545,0.417391,0.96,0.581818
1546,0.0607248,1,0.114497
1547,0.5,0.666667,0.571429
1548,0.239186,0.87037,0.37525
1549,0.205438,0.985507,0.34
1550,0.103704,0.595745,0.176656
1551,0.852941,0.896907,0.874372
1552,0.736264,0.971014,0.8375
1553,0.364078,0.405405,0.383632
1554,0.470199,0.788889,0.589212
1555,0.547486,0.852174,0.666667
1556,0.666667,0.893617,0.763636
1557,0.725806,0.978261,0.833333
1558,0.138372,1,0.243105
1559,0.721649,0.875,0.79096
1560,0.686567,0.557576,0.615385
1561,0.515152,0.790698,0.623853
1562,0.356021,0.552846,0.433121
1563,0.728814,0.781818,0.754386
1564,0.151625,1,0.263323
1565,0.705882,0.923077,0.8
1566,0.282051,0.733333,0.407407
1567,0.678571,0.655172,0.666667
1568,0.398352,0.895062,0.551331
1569,0.0912698,0.985714,0.16707
1570,0.554348,0.671053,0.607143
1571,0.0843882,0.967742,0.155239
1572,0.0597256,1,0.112719
1573,0.078125,0.8,0.142349
1574,0.614754,0.619835,0.617284
1575,0.259124,0.986111,0.410405
1576,0.639344,0.8125,0.715596
1577,0.0847851,0.960526,0.155816
1578,0.657303,0.89313,0.757282
1579,0.784314,0.8,0.792079
1580,0.722222,0.928571,0.8125
1581,0.720588,1,0.837607
1582,0.320988,0.987342,0.484472
1583,0.375,0.910714,0.53125
1584,0.0539461,1,0.10237
1585,0.0975877,0.936842,0.176763
1586,0.503311,0.863636,0.635983
1587,0.232996,0.981707,0.376608
1588,0.57047,0.787037,0.661479
1589,0.11306,0.983051,0.202797
1590,0.470968,0.618644,0.534799
1591,0.126,0.974227,0.22314
1592,0.585366,0.90566,0.711111
1593,0.393678,0.744565,0.515038
1594,0.210317,1,0.347541
1595,0.5,0.522876,0.511182
1596,0.406452,0.851351,0.550218
1597,0.544,0.944444,0.690355
1598,0.544554,0.916667,0.68323
1599,0.318182,0.98,0.480392
1600,0.554545,0.619289,0.585132
1601,0.111212,1,0.200164
1602,0.105437,1,0.19076
1603,0.607955,0.869919,0.715719
1604,0.68595,0.932584,0.790476
1605,0.0911765,0.939394,0.16622
1606,0.263345,0.822222,0.398922
1607,0.32107,0.518919,0.396694
1608,0.277193,0.9875,0.432877
1609,0.18254,1,0.308725
1610,0.427184,0.721311,0.536585
1611,0.491935,0.693182,0.575472
1612,0.57767,0.856115,0.689855
1613,0.462094,0.65641,0.542373
1614,0.57732,0.965517,0.722581
1615,0.772727,0.87931,0.822581
1616,0.75641,0.686047,0.719512
1617,0.815534,0.563758,0.666667
1618,0.510204,0.572519,0.539568
1619,0.409266,0.768116,0.534005
1620,0.728324,0.845638,0.782609
1621,0.251781,0.929825,0.396262
1622,0.110517,0.861111,0.195893
1623,0.702703,0.742857,0.722222
1624,0.579545,0.894737,0.703448
1625,0.093913,0.964286,0.171157
1626,0.442478,0.990099,0.611621
1627,0.890625,0.695122,0.780822
1628,0.460317,0.84466,0.59589
1629,0.135021,0.864865,0.233577
1630,0.0302326,1,0.0586907
1631,0.158986,0.650943,0.255556
1632,0.209877,0.573034,0.307229
1633,0.385246,0.719388,0.501779
1634,0.107922,0.969072,0.194215
1635,0.407821,0.445122,0.425656
1636,0.330189,0.985915,0.4947
1637,0.166667,0.972477,0.284564
1638,0.6,0.503356,0.547445
1639,0.402685,0.631579,0.491803
1640,0.0836197,0.973333,0.154008
1641,0.234609,0.792135,0.362003
1642,0.0788288,0.985915,0.145985
1643,0.140127,0.956522,0.244444
1644,0.531646,0.639594,0.580645
1645,0.278689,0.980769,0.434043
1646,0.702439,0.837209,0.763926
1647,0.120419,1,0.214953
1648,0.440678,0.629032,0.518272
1649,0.561798,1,0.719424
1650,0.451327,0.968354,0.615694
1651,0.291971,0.952381,0.446927
1652,0.58642,0.940594,0.722433
1653,0.00629508,1,0.0125114
1654,0.0903226,0.972222,0.165289
1655,0.0527778,1,0.100264
1656,0.141818,0.987342,0.248013
1657,0.495238,0.876404,0.63286
1658,0.478102,0.949275,0.635922
1659,0.829268,0.829268,0.829268
1660,0.2,1,0.333333
1661,0.354167,0.841584,0.498534
1662,0.551948,0.562914,0.557377
1663,0.0381944,1,0.0735786
1664,0.0806452,1,0.149254
1665,0.448718,0.654206,0.532319
1666,0.608,0.915663,0.730769
1667,0.0860806,0.989474,0.158382
1668,0.384615,0.882353,0.535714
1669,0.196141,0.635417,0.299754
1670,0.684211,1,0.8125
1671,0.809249,0.985915,0.888889
1672,0.354067,0.870588,0.503401
1673,0.586207,0.85,0.693878
1674,0.0485498,1,0.0926037
1675,0.803371,0.89375,0.846154
1676,0.0732601,0.987654,0.136402
1677,0.304636,1,0.467005
1678,0.625,0.885417,0.732759
1679,0.384977,0.841026,0.52818
1680,0.147679,0.35,0.207715
1681,0.112412,1,0.202105
1682,0.208092,0.692308,0.32
1683,0.663265,0.747126,0.702703
1684,0.190476,0.952381,0.31746
1685,0.140625,0.80198,0.239291
1686,0.21028,0.978261,0.346154
1687,0.209524,1,0.346457
1688,0.544218,0.714286,0.617761
1689,0.674797,0.680328,0.677551
1690,0.178082,1,0.302326
1691,0.546667,0.82,0.656
1692,0.234252,0.782895,0.360606
1693,0.0328498,1,0.0636101
1694,0.117988,1,0.211073
1695,0.756098,0.815789,0.78481
1696,0.417614,0.936306,0.577603
1697,0.6125,0.875,0.720588
1698,0.243346,0.914286,0.384384
1699,0.52459,0.48731,0.505263
1700,0.550562,0.907407,0.685315
1701,0.434629,0.848276,0.574766
1702,0.769231,1,0.869565
1703,0.536082,0.981132,0.693333
1704,0.163984,0.993902,0.28152
1705,0.0517986,0.96,0.0982935
1706,0.581395,0.819672,0.680272
1707,0.211765,0.972973,0.347826
1708,0.650888,0.964912,0.777385
1709,0.0625,0.953271,0.117309
1710,0.293769,0.589286,0.392079
1711,0.0403226,0.941176,0.077332
1712,0.0434783,1,0.0833333
1713,0.143426,0.818182,0.244068
1714,0.19469,0.88,0.318841
1715,0.0733753,0.945946,0.136187
1716,0.126386,0.863636,0.220503
1717,0.598039,0.445255,0.51046
1718,0.773438,0.99,0.868421
1719,0.147826,0.944444,0.255639
1720,0.239482,0.91358,0.379487
1721,0.613445,0.462025,0.527076
1722,0.136574,0.983333,0.239837
1723,0.135566,0.801887,0.231924
1724,0.0802817,0.95,0.148052
1725,0.125954,0.215686,0.159036
1726,0.0431589,1,0.0827465
1727,0.597561,0.379845,0.464455
1728,0.564885,0.61157,0.587302
1729,0.551402,0.936508,0.694118
1730,0.180124,0.892308,0.299742
1731,0.598291,0.518519,0.555556
1732,0.385057,0.59292,0.466899
1733,0.520548,0.853933,0.646809
1734,0.0536913,1,0.101911
1735,0.603053,0.9875,0.748815
1736,0.131653,0.839286,0.227603
1737,0.312644,0.777143,0.445902
1738,0.273171,0.982456,0.427481
1739,0.7375,0.746835,0.742138
1740,0.141667,0.944444,0.246377
1741,0.130982,0.981132,0.231111
1742,0.590426,0.909836,0.716129
1743,0.0901961,0.968421,0.165022
1744,0.541237,0.76087,0.63253
1745,0.421488,0.689189,0.523077
1746,0.385135,0.919355,0.542857
1747,0.626437,0.637427,0.631884
1748,0.0744828,1,0.138639
1749,0.125333,0.949495,0.221437
1750,0.140299,0.734375,0.235589
1751,0.200803,0.925926,0.330033
1752,0.321918,0.878505,0.471178
1753,0.115124,1,0.206478
1754,0.279528,0.550388,0.370757
1755,0.474747,1,0.643836
1756,0.179283,0.918367,0.3
1757,0.165517,0.972973,0.282908
1758,0.18883,0.986111,0.316964
1759,0.536364,0.880597,0.666667
1760,0.0313808,1,0.0608519
1761,0.060241,0.857143,0.11257
1762,0.490842,0.680203,0.570213
1763,0.0985401,0.981818,0.179104
1764,0.0976155,0.929078,0.176669
1765,0.863636,0.76,0.808511
1766,0.49359,0.846154,0.623482
1767,0.647059,0.733333,0.6875
1768,0.0533049,1,0.101215
1769,0.561644,0.788462,0.656
1770,0.782051,0.488,0.600985
1771,0.209205,0.980392,0.344828
1772,0.295455,0.776119,0.427984
1773,0.0719755,1,0.134286
1774,0.633333,0.71028,0.669604
1775,0.823529,0.84,0.831683
1776,0.0454545,0.0909091,0.0606061
1777,0.559211,0.955056,0.705394
1778,0.547945,1,0.707965
1779,0.19171,1,0.321739
1780,0.588015,0.785,0.672377
1781,0.229437,0.913793,0.366782
1782,0.6,0.781818,0.678947
1783,0.212435,0.759259,0.331984
1784,0.433099,0.754601,0.550336
1785,0.56051,0.758621,0.644689
1786,0.105183,0.985714,0.190083
1787,0.263889,0.989583,0.416667
1788,0.198795,0.528,0.28884
1789,0.704,0.671756,0.6875
1790,0.466216,0.379121,0.418182
1791,0.557252,0.603306,0.579365
1792,0.164912,1,0.283133
1793,0.0634755,1,0.119374
1794,0.216327,0.697368,0.330218
1795,0.614815,0.491124,0.546053
1796,0.227907,0.569767,0.325581
1797,0.266304,0.803279,0.4
1798,0.224599,0.913043,0.360515
1799,0.343284,0.726316,0.466216
1800,0.638158,0.858407,0.732075
1801,0.166189,0.90625,0.280872
1802,0.275,0.745763,0.401826
1803,0.557895,0.946429,0.701987
1804,1,0.952381,0.97561
1805,0.61165,0.364162,0.456522
1806,0.152738,0.946429,0.263027
1807,0.276018,0.938462,0.426573
1808,0.134576,0.970149,0.236364
1809,0.124406,0.949275,0.219983
1810,0.615658,0.920213,0.73774
1811,0.4,0.764706,0.525253
1812,0.093633,0.943396,0.170358
1813,0.503497,0.55814,0.529412
1814,0.878049,0.782609,0.827586
1815,0.406557,0.663102,0.504065
1816,0.118506,0.960526,0.210983
1817,0.338095,0.959459,0.5
1818,0.0835777,0.982759,0.154054
1819,0.559441,0.842105,0.672269
1820,0.267857,0.535714,0.357143
1821,0.244648,0.898876,0.384615
1822,0.549505,0.75,0.634286
1823,0.356557,0.956044,0.519403
1824,0.274576,0.975904,0.428571
1825,0.375,0.670588,0.481013
1826,0.151639,0.672727,0.247492
1827,0.664286,0.756098,0.707224
1828,0.161702,0.690909,0.262069
1829,0.352078,0.953642,0.514286
1830,0.536585,0.956522,0.6875
1831,0.412429,0.869048,0.559387
1832,0.636364,0.451613,0.528302
1833,0.56044,1,0.71831
1834,0.312775,0.771739,0.445141
1835,0.603352,0.596685,0.6
1836,0.629213,0.543689,0.583333
1837,0.47191,0.21,0.290657
1838,0.104603,0.943396,0.188324
1839,0.469649,0.735,0.573099
1840,0.484663,0.877778,0.624506
1841,0.0828625,0.77193,0.14966
1842,0.235294,0.655738,0.34632
1843,0.74,0.986667,0.845714
1844,0.130143,0.933735,0.228445
1845,0.575472,0.72619,0.642105
1846,0.520619,0.918182,0.664474
1847,0.733871,0.827273,0.777778
1848,0.119008,0.986301,0.212389
1849,0.888889,0.923077,0.90566
1850,0.528662,0.754545,0.621723
1851,0.247525,0.724638,0.369004
1852,0.62963,0.944444,0.755556
1853,0.051046,1,0.0971338
1854,0.184211,0.267176,0.218069
1855,0.0591532,0.833333,0.110465
1856,0.0649351,1,0.121951
1857,0.150826,0.924051,0.259325
1858,0.837037,0.570707,0.678679
1859,0.40708,1,0.578616
1860,0.768657,0.962617,0.854772
1861,0.538043,0.575581,0.55618
1862,0.328025,0.990385,0.492823
1863,0.292576,1,0.452703
1864,0.115254,0.860759,0.203288
1865,0.137763,0.988372,0.241821
1866,0.352941,0.481752,0.407407
1867,0.653595,0.641026,0.647249
1868,0.295082,1,0.455696
1869,0.0731374,0.869919,0.134931
1870,0.625,0.598958,0.611702
1871,0.675,0.681818,0.678392
1872,0.246964,0.743902,0.370821
1873,0.525862,0.792208,0.632124
1874,0.276498,0.895522,0.422535
1875,0.6,0.55,0.573913
1876,0.106436,0.614286,0.181435
1877,0.517647,0.465608,0.490251
1878,0.367089,0.769912,0.497143
1879,0.154185,0.985915,0.266667
1880,0.294118,1,0.454545
1881,0.254279,0.971963,0.403101
1882,0.189427,0.941606,0.315403
1883,0.428016,0.718954,0.536585
1884,0.621951,0.886957,0.731183
1885,0.379518,0.692308,0.490272
1886,0.227273,0.634921,0.334728
1887,0.0528967,0.969231,0.100318
1888,0.180282,0.984615,0.304762
1889,0.0693069,1,0.12963
1890,0.095082,1,0.173653
1891,0.0802005,1,0.148492
1892,0.335404,0.765957,0.466523
1893,0.662921,0.678161,0.670455
1894,0.292135,0.8125,0.429752
1895,0.402715,0.601351,0.482385
1896,0.161074,1,0.277457
1897,0.030248,1,0.0587199
1898,0.152568,0.971154,0.263708
1899,0.697802,0.835526,0.760479
1900,0.548077,0.407143,0.467213
1901,0.507463,0.883117,0.64455
1902,0.332031,0.923913,0.488506
1903,0.159236,0.722543,0.26096
1904,0.382979,0.972973,0.549618
1905,0.661017,0.688235,0.674352
1906,0.184,0.958333,0.308725
1907,0.18239,0.394558,0.249462
1908,0.415,0.838384,0.555184
1909,0.111111,0.976471,0.199519
1910,0.350746,0.770492,0.482051
1911,0.186335,0.882353,0.307692
1912,0.551724,0.470588,0.507937
1913,0.168919,0.641026,0.26738
1914,0.663934,0.554795,0.604478
1915,0.193548,0.931034,0.320475
1916,0.0304054,1,0.0590164
1917,0.607477,0.730337,0.663265
1918,0.456522,0.7875,0.577982
1919,0.330882,0.818182,0.471204
1920,0.274005,0.966942,0.427007
1921,0.133523,0.979167,0.235
1922,0.066886,0.983871,0.125257
1923,0.0472915,1,0.090312
1924,0.0841202,0.933333,0.154331
1925,0.143646,1,0.251208
1926,0.138539,0.700637,0.231335
1927,0.422222,0.938272,0.582375
1928,0.803922,0.811881,0.807882
1929,0.643411,0.821782,0.721739
1930,0.215859,0.771654,0.337349
1931,0.248521,0.743363,0.372506
1932,0.306569,0.446809,0.363636
1933,0.507389,0.780303,0.614925
1934,0.126253,0.940299,0.222615
1935,0.366834,0.768421,0.496599
1936,0.174658,0.962264,0.295652
1937,0.0890585,0.913043,0.162287
1938,0.666667,0.72,0.692308
1939,0.16156,0.935484,0.275534
1940,0.15625,0.964912,0.268949
1941,0.675676,0.666667,0.671141
1942,0.675676,0.862069,0.757576
1943,0.189591,0.990291,0.318253
1944,0.631579,1,0.774194
1945,0.0679522,1,0.127257
1946,0.53,0.706667,0.605714
1947,0.151815,0.867925,0.258427
1948,0.457627,0.89011,0.604478
1949,0.0670436,0.988095,0.125567
1950,0.21044,0.716667,0.325347
1951,0.276968,0.703704,0.39749
1952,0.603896,0.902913,0.723735
1953,0.655914,0.693182,0.674033
1954,0.236735,0.333333,0.27685
1955,0.829268,0.85,0.839506
1956,0.555921,0.89418,0.685598
1957,0.669811,0.763441,0.713568
1958,0.502488,0.731884,0.59587
1959,0.0595813,0.973684,0.112291
1960,0.0868744,0.513966,0.148627
1961,0.325301,0.15,0.205323
1962,0.520408,0.658065,0.581197
1963,0.427984,0.717241,0.536082
1964,0.610169,0.672897,0.64
1965,0.104912,0.940217,0.188762
1966,0.619565,0.7125,0.662791
1967,0.122214,0.929825,0.216033
1968,0.213873,0.755102,0.333333
1969,0.140212,0.972477,0.245087
1970,0.522059,0.8875,0.657407
1971,0.127551,0.6,0.210379
1972,0.519084,0.341709,0.412121
1973,0.19,0.873563,0.312115
1974,0.172263,0.929134,0.29064
1975,0.132827,0.5,0.209895
1976,0.198485,0.761628,0.314904
1977,0.0798158,0.717241,0.143646
1978,0.0487562,1,0.0929791
1979,0.668246,0.865031,0.754011
1980,0.525547,0.847059,0.648649
1981,0.361111,1,0.530612
1982,0.5,0.746753,0.598958
1983,0.471074,0.651429,0.546763
1984,0.13371,0.717172,0.225397
1985,0.625,0.572917,0.597826
1986,0.117764,0.819444,0.205934
1987,0.177419,0.950617,0.299029
1988,0.109615,1,0.197574
1989,0.795918,0.886364,0.83871
1990,0.72619,0.859155,0.787097
1991,0.0857143,0.917647,0.156784
1992,0.270386,0.851351,0.410423
1993,0.159265,0.981132,0.274045
1994,0.587719,0.62037,0.603604
1995,0.204334,0.4,0.270492
1996,0.152738,0.898305,0.261084
1997,0.512397,0.96875,0.67027
1998,0.220183,0.666667,0.331034
1999,0.218107,0.929825,0.353333
2000,0.169841,0.938596,0.287634
2001,0.23516,0.895652,0.372514
2002,0.201511,0.930233,0.331263
2003,0.263889,1,0.417582
2004,0.193662,0.561224,0.287958
2005,0.169231,0.394872,0.236923
2006,0.0981067,1,0.178683
2007,0.134426,0.987952,0.236652
2008,0.239631,0.83871,0.37276
2009,0.17284,0.833333,0.286299
2010,0.348485,0.730159,0.471795
2011,0.112409,0.916667,0.20026
2012,0.171617,0.912281,0.288889
2013,0.639241,0.515306,0.570621
2014,0.703704,0.690909,0.697248
2015,0.191441,0.965909,0.319549
2016,0.0464646,1,0.0888031
2017,0.649123,0.973684,0.778947
2018,0.600775,0.851648,0.704545
2019,0.486486,0.981818,0.650602
2020,0.782609,0.794118,0.788321
2021,0.689441,0.680982,0.685185
2022,0.270531,0.910569,0.417132
2023,0.811024,0.895652,0.85124
2024,0.470199,0.739583,0.574899
2025,0.16763,0.892308,0.282238
2026,0.65,0.742857,0.693333
2027,0.25448,0.922078,0.398876
2028,0.575949,0.771186,0.65942
2029,0.147139,0.981818,0.255924
2030,0.353909,0.988506,0.521212
2031,0.068306,1,0.127877
2032,0.909091,1,0.952381
2033,0.280992,0.839506,0.421053
2034,0.45,0.887324,0.597156
2035,0.748837,0.964072,0.842932
2036,0.641026,0.877193,0.740741
2037,0.597701,0.95122,0.734118
2038,0.315068,0.958333,0.474227
2039,0.384615,0.957447,0.54878
2040,0.475524,0.701031,0.566667
2041,0.240234,0.931818,0.381988
2042,0.29646,0.489051,0.369146
2043,0.281787,0.479532,0.354978
2044,0.214058,0.374302,0.272358
2045,0.129921,0.916667,0.227586
2046,0.709821,0.878453,0.785185
2047,0.646067,0.72327,0.682493
2048,0.475728,0.526882,0.5
2049,0.0549102,0.962963,0.103896
2050,0.39726,0.674419,0.5
2051,0.138329,0.444444,0.210989
2052,0.692308,0.89011,0.778846
2053,0.0976253,0.961039,0.177246
2054,0.582011,0.552764,0.56701
2055,0.128205,1,0.227273
2056,0.212698,0.930556,0.346253
2057,0.313158,0.856115,0.458574
2058,0.766667,0.784091,0.775281
2059,0.878049,0.818182,0.847059
2060,0.142857,1,0.25
2061,0.728395,0.776316,0.751592
2062,0.269036,0.963636,0.420635
2063,0.143251,1,0.250602
2064,0.161017,0.410811,0.231355
2065,0.244344,0.771429,0.371134
2066,0.78022,0.78022,0.78022
2067,0.273504,0.831169,0.411576
2068,0.536232,0.973684,0.691589
2069,0.0359395,1,0.0693853
2070,0.532609,0.859649,0.657718
2071,0.265823,0.823529,0.401914
2072,0.300448,0.8375,0.442244
2073,0.696629,0.504065,0.584906
2074,0.321951,1,0.487085
2075,0.275109,0.984375,0.430034
2076,0.271127,0.420765,0.329764
2077,0.664122,0.836538,0.740426
2078,0.135537,1,0.238719
2079,0.0697425,0.984848,0.130261
2080,0.640351,0.935897,0.760417
2081,0.0637611,0.975309,0.119697
2082,0.401015,0.711712,0.512987
2083,0.038046,1,0.0733032
2084,0.122999,0.973333,0.218399
2085,0.774194,0.380952,0.510638
2086,0.202586,0.903846,0.330986
2087,0.515789,0.913043,0.659193
2088,0.629032,0.78,0.696429
2089,0.0580781,0.948276,0.109453
2090,0.214511,0.985507,0.352332
2091,0.814433,0.88764,0.849462
2092,0.172727,0.979381,0.293663
2093,0.122995,0.978723,0.218527
2094,0.217391,0.9375,0.352941
2095,0.429487,0.848101,0.570213
2096,0.177112,0.984848,0.300231
2097,0.597701,0.845528,0.700337
2098,0.755814,0.8125,0.783133
2099,0.730159,0.867925,0.793103
2100,0.5,0.603659,0.546961
2101,0.221519,1,0.362694
2102,0.478261,0.664835,0.556322
2103,0.435374,0.423841,0.42953
2104,0.0408497,1,0.0784929
2105,0.149918,1,0.260745
2106,0.0722496,1,0.134763
2107,0.723404,0.829268,0.772727
2108,0.15087,0.987342,0.261745
2109,0.209393,0.694805,0.321805
2110,0.311429,0.553299,0.398537
2111,0.524138,0.873563,0.655172
2112,0.431138,0.8,0.560311
2113,0.185328,1,0.312704
2114,0.210918,0.833333,0.336634
2115,0.334862,0.486667,0.396739
2116,0.541667,0.866667,0.666667
2117,0.410526,0.795918,0.541667
2118,0.0908108,0.976744,0.166172
2119,0.9,0.9,0.9
2120,0.133921,0.962025,0.235112
2121,0.342246,0.927536,0.5
2122,0.189055,0.348624,0.245161
2123,0.381295,0.929825,0.540816
2124,0.313531,0.989583,0.47619
2125,0.254019,0.868132,0.393035
2126,0.344371,0.866667,0.492891
2127,0.621429,0.90625,0.737288
2128,0.25495,0.556757,0.349745
2129,0.607595,0.96,0.744186
2130,0.620968,0.810526,0.703196
2131,0.510204,0.735294,0.60241
2132,0.430147,0.860294,0.573529
2133,0.138599,0.877358,0.239382
2134,0.44127,0.70202,0.54191
2135,0.883721,0.8,0.839779
2136,0.342593,0.6,0.436149
2137,0.719626,0.681416,0.7
2138,0.316568,0.685897,0.433198
2139,0.505747,0.785714,0.615385
2140,0.615385,0.627451,0.621359
2141,0.614286,0.623188,0.618705
2142,0.741176,0.715909,0.728324
2143,0.604651,0.866667,0.712329
2144,0.303167,0.736264,0.429487
2145,0.583333,0.565657,0.574359
2146,0.109477,0.957143,0.196481
2147,0.210191,0.985075,0.346457
2148,0.239171,0.92029,0.379671
2149,0.109347,0.681319,0.18845
2150,0.574468,0.910112,0.704348
2151,0.385965,0.916667,0.54321
2152,0.223565,0.643478,0.331839
2153,0.198113,0.588785,0.296471
2154,0.117403,0.988372,0.209877
2155,0.120879,1,0.215686
2156,0.242647,0.818182,0.374291
2157,0.181507,1,0.307246
2158,0.180077,1,0.305195
2159,0.197092,0.99187,0.328841
2160,0.162304,0.601942,0.25567
2161,0.107724,1,0.194495
2162,0.117647,0.603774,0.196923
2163,0.302128,0.855422,0.446541
2164,0.103746,0.947368,0.187013
2165,0.187166,0.972222,0.313901
2166,0.71875,0.910891,0.803493
2167,0.144695,0.818182,0.245902
2168,0.562162,0.806202,0.66242
2169,0.505376,0.862385,0.637288
2170,0.536885,0.708108,0.610723
2171,0.666667,1,0.8
2172,0.736842,0.538462,0.622222
2173,0.478006,0.871658,0.617424
2174,0.801688,0.979381,0.881671
2175,0.247368,0.691176,0.364341
2176,0.370031,0.724551,0.489879
2177,0.177966,0.377246,0.241843
2178,0.636364,1,0.777778
2179,0.384615,0.925926,0.543478
2180,0.0461437,1,0.0882168
2181,0.486301,0.767568,0.595388
2182,0.326316,1,0.492063
2183,0.374046,0.875,0.524064
2184,0.804878,0.804878,0.804878
2185,0.063786,0.873239,0.118888
2186,0.115657,0.835227,0.203179
2187,0.164859,0.76,0.270945
2188,0.0821918,0.830769,0.149584
2189,0.528736,0.578616,0.552553
2190,0.5,0.964789,0.658654
2191,0.269737,0.232955,0.25
2192,0.496503,0.568,0.529851
2193,0.145324,0.878261,0.249383
2194,0.563559,0.743017,0.640964
2195,0.259516,0.974026,0.409836
2196,0.437736,0.920635,0.59335
2197,0.293375,0.911765,0.443914
2198,0.482456,0.774648,0.594595
2199,0.461538,0.90411,0.611111
2200,0.307116,0.58156,0.401961
2201,0.12828,1,0.22739
2202,0.276596,1,0.433333
2203,0.631579,0.965517,0.763636
2204,0.409449,0.722222,0.522613
2205,0.121622,1,0.216867
2206,0.918605,0.897727,0.908046
2207,0.5,0.212435,0.298182
2208,0.717949,0.903226,0.8
2209,0.658537,0.637795,0.648
2210,0.603352,0.931034,0.732203
2211,0.14862,0.853659,0.253165
2212,0.271605,1,0.427184
2213,0.403361,0.827586,0.542373
2214,0.376238,0.666667,0.481013
2215,0.151629,1,0.26333
2216,0.151899,1,0.263736
2217,0.339806,0.589888,0.431211
2218,0.602041,0.584158,0.592965
2219,0.101639,0.869159,0.181996
2220,0.522843,0.686667,0.59366
2221,0.159905,0.656863,0.257198
2222,0.526316,0.892857,0.662252
2223,0.274809,0.692308,0.393443
2224,0.491525,0.935484,0.644444
2225,0.663265,0.663265,0.663265
2226,0.146067,0.936,0.2527
2227,0.663366,0.638095,0.650485
2228,0.227119,0.985294,0.369146
2229,0.312303,1,0.475962
2230,0.683673,0.971014,0.802395
2231,0.331081,0.7,0.449541
2232,0.231061,0.983871,0.374233
2233,0.686441,0.75,0.716814
2234,0.522727,0.531792,0.527221
2235,0.0756646,0.986667,0.140551
2236,0.649057,0.882051,0.747826
2237,0.272981,0.844828,0.412632
2238,0.22488,0.979167,0.365759
2239,0.716814,0.910112,0.80198
2240,0.0486867,0.962025,0.0926829
2241,0.63913,0.757732,0.693396
2242,0.17029,0.979167,0.290123
2243,0.746269,0.980392,0.847458
2244,0.784314,0.91954,0.846561
2245,0.0429003,0.946667,0.0820809
2246,0.394231,0.745455,0.515723
2247,0.654867,0.654867,0.654867
2248,0.103514,1,0.187608
2249,0.574627,0.587786,0.581132
2250,0.212121,0.895349,0.342984
2251,0.112412,0.979592,0.201681
2252,0.51,0.703448,0.591304
2253,0.625899,0.813084,0.707317
2254,0.405594,0.920635,0.563107
2255,0.502793,0.841121,0.629371
2256,0.250836,0.903614,0.39267
2257,0.0947093,0.986395,0.172825
2258,0.371429,0.90099,0.526012
2259,0.0807339,0.830189,0.147157
2260,0.675,0.947368,0.788321
2261,0.846939,0.564626,0.677551
2262,0.224138,0.136126,0.169381
2263,0.196491,0.918033,0.323699
2264,0.579618,0.669118,0.62116
2265,0.434286,0.894118,0.584615
2266,0.255411,1,0.406897
2267,0.671141,0.704225,0.687285
2268,0.582677,0.925,0.714976
2269,0.364,0.631944,0.461929
2270,0.68254,0.811321,0.741379
2271,0.403846,0.828947,0.543103
2272,0.124555,1,0.221519
2273,0.0777096,1,0.144213
2274,0.348315,0.96875,0.512397
2275,0.609589,0.689922,0.647273
2276,0.909091,1,0.952381
2277,0.381818,0.954545,0.545455
2278,0.657143,0.69697,0.676471
2279,0.677165,0.573333,0.620939
2280,0.23229,0.915584,0.370565
2281,0.731092,0.725,0.728033
2282,0.177215,1,0.301075
2283,0.212121,0.35,0.264151
2284,0.463816,0.875776,0.606452
2285,0.253918,0.89011,0.395122
2286,0.577236,0.507143,0.539924
2287,0.466135,0.62234,0.53303
2288,0.108394,0.987952,0.195354
2289,0.0539216,1,0.102326
2290,1,1,1
2291,0.56962,0.638298,0.602007
2292,0.126716,0.774194,0.217786
2293,0.42069,0.968254,0.586538
2294,0.207207,0.92,0.338235
2295,0.127049,0.262712,0.171271
2296,0.642857,0.654545,0.648649
2297,0.30814,0.779412,0.441667
2298,0.0367435,1,0.0708826
2299,0.0271421,1,0.0528497
2300,0.352201,0.767123,0.482759
2301,0.0992366,0.981132,0.180243
2302,0.12731,0.815789,0.220249
2303,0.257463,0.932432,0.403509
2304,0.623188,0.811321,0.704918
2305,0.219355,1,0.359788
2306,0.335714,0.959184,0.497354
2307,0.000920289,1,0.00183889
2308,0.555556,0.615385,0.583942
2309,0.469767,0.567416,0.513995
2310,0.205298,0.746988,0.322078
2311,0.652174,0.891089,0.753138
2312,0.52809,0.854545,0.652778
2313,0.5,0.685484,0.578231
2314,0.144105,0.876106,0.2475
2315,0.470238,0.76699,0.583026
2316,0.213523,0.967742,0.349854
2317,0.752381,0.79,0.770732
2318,0.790323,0.924528,0.852174
2319,0.853659,0.795455,0.823529
2320,0.137809,0.481481,0.214286
2321,0.828947,0.488372,0.614634
2322,0.534483,0.978947,0.69145
2323,0.483871,0.4,0.437956
2324,0.361257,0.985714,0.528736
2325,0.143123,1,0.250407
2326,0.368421,0.65,0.470284
2327,0.323671,0.905405,0.476868
2328,0.377483,0.695122,0.48927
2329,0.0815534,1,0.150808
2330,0.836538,0.828571,0.832536
2331,0.0970655,0.796296,0.173038
2332,0.192233,0.505102,0.278481
2333,0.21843,0.780488,0.341333
2334,0.0855615,1,0.157635
2335,0.153132,0.846154,0.259332
2336,0.37037,0.838323,0.513761
2337,0.322222,0.95082,0.481328
2338,0.518519,0.4,0.451613
2339,0.709677,0.785714,0.745763
2340,0.745902,0.8125,0.777778
2341,0.173333,0.975,0.29434
2342,0.205433,0.633508,0.310256
2343,0.627273,0.907895,0.741935
2344,0.270784,0.982759,0.424581
2345,0.29798,0.819444,0.437037
2346,0.148262,0.941558,0.256184
2347,0.0852273,0.983607,0.156863
2348,0.472727,0.549296,0.508143
2349,0.265823,0.945946,0.41502
2350,0.646341,0.768116,0.701987
2351,0.696203,0.982143,0.814815
2352,0.171141,1,0.292264
2353,0.196023,0.971831,0.326241
2354,0.697436,0.883117,0.77937
2355,0.121212,1,0.216216
2356,0.885417,0.913978,0.899471
2357,0.414474,0.984375,0.583333
2358,0.413793,0.84507,0.555556
2359,0.878049,0.413793,0.5625
2360,0.302521,0.986301,0.463023
2361,0.539326,0.52459,0.531856
2362,0.611111,0.639535,0.625
2363,0.529915,0.837838,0.649215
2364,0.24552,0.913333,0.387006
2365,0.389121,0.709924,0.502703
2366,0.481013,0.938272,0.635983
2367,0.225,0.760563,0.347267
2368,0.603306,0.722772,0.657658
2369,0.739726,0.568421,0.642857
2370,0.382979,0.966443,0.548571
2371,0.536585,0.866142,0.662651
2372,0.0776699,1,0.144144
2373,0.0414428,0.981818,0.0795287
2374,0.112026,0.985507,0.201183
2375,0.0825893,0.986667,0.15242
2376,0.291367,0.975904,0.448753
2377,0.123543,0.946429,0.218557
2378,0.480769,0.793651,0.598802
2379,0.22807,0.611765,0.332268
2380,0.336585,0.851852,0.482517
2381,0.288288,1,0.447552
2382,0.459459,0.944444,0.618182
2383,0.12766,1,0.226415
2384,0.129179,0.913978,0.226365
2385,0.235808,0.885246,0.372414
2386,0.595376,0.980952,0.741007
2387,0.410256,0.941176,0.571429
2388,0.32243,0.945205,0.480836
2389,0.571429,0.945455,0.712329
2390,0.30897,0.762295,0.439716
2391,0.202934,0.965116,0.335354
2392,0.184258,0.858333,0.303387
2393,0.469231,0.393548,0.42807
2394,0.0413223,0.980392,0.0793021
2395,0.691589,0.40884,0.513889
2396,0.246795,0.987179,0.394872
2397,0.380165,0.851852,0.525714
2398,0.455782,0.848101,0.59292
2399,0.248731,1,0.398374
2400,0.186253,0.913043,0.309392
2401,0.311284,0.776699,0.444444
2402,0.415842,0.893617,0.567568
2403,0.000797978,1,0.00159468
2404,0.246939,1,0.396072
2405,0.151832,0.915789,0.260479
2406,0.829268,0.829268,0.829268
2407,0.163333,0.960784,0.279202
2408,0.132231,1,0.233577
2409,0.685535,0.553299,0.61236
2410,0.588235,1,0.740741
2411,0.172727,0.987013,0.294004
2412,0.354839,0.86087,0.502538
2413,0.581197,0.860759,0.693878
2414,0.15942,0.779528,0.264706
2415,0.103448,0.568966,0.175066
2416,0.431227,0.63388,0.513274
2417,0.741176,0.887324,0.807692
2418,0.561983,0.552846,0.557377
2419,0.268987,1,0.42394
2420,0.402439,0.528,0.456747
2421,0.804878,0.825,0.814815
2422,0.116576,0.984615,0.208469
2423,0.461207,0.572193,0.51074
2424,0.189831,0.933333,0.315493
2425,0.5625,0.406015,0.471616
2426,0.705036,0.816667,0.756757
2427,0.0580748,0.935897,0.109363
2428,0.018695,1,0.0367039
2429,0.540984,0.929577,0.683938
2430,0.243902,0.961538,0.389105
2431,0.272989,0.778689,0.404255
2432,0.202429,0.892857,0.330033
2433,0.497537,0.587209,0.538667
2434,0.219298,0.684932,0.332226
2435,0.354962,1,0.523944
2436,0.0720379,1,0.134394
2437,0.165775,0.953846,0.28246
2438,0.238298,1,0.38488
2439,0.18956,0.775281,0.304636
2440,0.836735,0.803922,0.82
2441,0.039632,0.982456,0.0761905
2442,0.813559,0.510638,0.627451
2443,0.504762,0.716216,0.592179
2444,0.158482,0.986111,0.273077
2445,0.803922,0.745455,0.773585
2446,0.339535,1,0.506944
2447,0.353982,0.449438,0.39604
2448,0.130612,0.347826,0.189911
2449,0.602094,0.934959,0.732484
2450,0.312977,1,0.476744
2451,0.180556,0.634146,0.281081
2452,0.119497,0.982759,0.213084
2453,0.109541,0.898551,0.195276
2454,0.213483,0.883721,0.343891
2455,0.642276,0.711712,0.675214
2456,0.10473,0.984127,0.189313
2457,0.636364,0.859649,0.731343
2458,0.646667,0.655405,0.651007
2459,0.525926,0.518248,0.522059
2460,0.188552,0.903226,0.311978
2461,0.0866261,1,0.159441
2462,0.632653,0.885714,0.738095
2463,0.596491,0.790698,0.68
2464,0.419355,0.375,0.395939
2465,0.0845384,1,0.155897
2466,0.110454,0.965517,0.19823
2467,0.211155,0.963636,0.346405
2468,0.367521,0.877551,0.518072
2469,0.625,0.967742,0.759494
2470,0.618834,0.945205,0.747967
2471,0.0929019,1,0.17001
2472,0.52,0.83871,0.641975
2473,0.761062,0.722689,0.741379
2474,0.276364,0.904762,0.423398
2475,0.40708,0.793103,0.538012
2476,0.184211,0.972222,0.309735
2477,0.456456,0.938272,0.614141
2478,0.0897727,1,0.164755
2479,0.3213,0.613793,0.421801
2480,0.217054,0.979021,0.35533
2481,0.4,0.983051,0.568627
2482,0.0954128,0.58427,0.164038
2483,0.125483,0.935252,0.221277
2484,0.418605,0.808989,0.551724
2485,0.829268,0.829268,0.829268
2486,0.1312,0.953488,0.230661
2487,0.653846,0.697436,0.674938
2488,0.387755,0.838235,0.530233
2489,0.210317,0.981481,0.346405
2490,0.566929,0.96,0.712871
2491,0.0479549,0.8,0.0904857
2492,0.19604,0.792,0.314286
2493,0.73913,0.876289,0.801887
2494,0.152516,0.932692,0.262162
2495,0.542857,0.548077,0.545455
2496,0.272408,0.875706,0.41555
2497,0.566667,0.927273,0.703448
2498,0.705882,1,0.827586
2499,0.803922,0.773585,0.788462
2500,0.558442,0.472527,0.511905
2501,0.558333,0.858974,0.676768
2502,0.226891,0.947368,0.366102
2503,0.476852,0.572222,0.520202
2504,0.132486,0.948052,0.232484
2505,0.203774,1,0.338558
2506,0.597826,0.948276,0.733333
2507,0.248588,0.88,0.387665
2508,0.144351,1,0.252285
2509,0.295213,0.627119,0.401447
2510,0.602273,0.552083,0.576087
2511,0.132768,0.580247,0.216092
2512,0.158088,0.988506,0.272583
2513,0.0583051,0.988506,0.110115
2514,0.0297556,0.982456,0.0577617
2515,0.140777,1,0.246809
2516,0.743243,0.964912,0.839695
2517,0.777778,0.933333,0.848485
2518,0.314286,0.970588,0.47482
2519,0.427632,0.755814,0.546218
2520,0.119438,1,0.213389
2521,0.389831,0.841463,0.532819
2522,0.247826,0.445312,0.318436
2523,0.26699,0.873016,0.408922
2524,0.151163,0.981132,0.261965
2525,0.140553,0.924242,0.244
2526,0.242424,0.965517,0.387543
2527,0.385321,0.711864,0.5
2528,0.159601,0.901408,0.271186
2529,0.13438,0.987179,0.236559
2530,0.392045,0.926174,0.550898
2531,0.496774,0.461078,0.478261
2532,0.192037,1,0.3222
2533,0.27459,0.87013,0.417445
2534,0.261339,0.952756,0.410169
2535,0.770492,0.591195,0.669039
2536,0.7375,0.634409,0.682081
2537,0.0660277,1,0.123876
2538,0.430189,0.844444,0.57
2539,0.684874,0.942197,0.793187
2540,0.115625,0.961039,0.206416
2541,0.0806658,0.926471,0.14841
2542,0.113537,1,0.203922
2543,0.393939,0.64539,0.489247
2544,0.210526,0.909091,0.34188
2545,0.256757,0.962025,0.405333
2546,0.140673,0.92,0.244032
2547,0.204918,0.632911,0.309598
2548,0.8,0.902256,0.848057
2549,0.512195,0.926471,0.659686
2550,0.789116,0.753247,0.770764
2551,0.297235,1,0.458259
2552,0.140175,0.772414,0.237288
2553,0.274227,0.963768,0.426966
2554,0.112798,0.936937,0.201355
2555,0.110731,0.713235,0.1917
2556,0.327731,0.841727,0.471774
2557,0.0784103,0.948052,0.144841
2558,0.356,0.89899,0.510029
2559,0.31203,0.85567,0.4573
2560,0.404624,0.985915,0.57377
2561,0.385475,0.807018,0.521739
2562,0.626087,0.654545,0.64
2563,0.503268,0.531034,0.516779
2564,0.285141,0.934211,0.436923
2565,0.824561,0.94,0.878505
2566,0.6875,0.857143,0.763006
2567,0.334661,0.94382,0.494118
2568,0.23662,0.563758,0.333333
2569,0.641791,0.895833,0.747826
2570,0.090106,0.980769,0.165049
2571,0.574468,0.75,0.650602
2572,0.162393,0.88785,0.274566
2573,0.116379,1,0.208494
2574,0.439153,0.614815,0.512346
2575,0.228464,0.953125,0.36858
2576,0.0663102,1,0.124373
2577,0.174051,0.982143,0.295699
2578,0.0480202,0.982759,0.0915663
2579,0.3,1,0.461538
2580,0.0923077,0.873786,0.166976
2581,0.0680203,1,0.127376
2582,0.191176,0.4875,0.274648
2583,0.208716,0.914573,0.339869
2584,0.23622,0.594059,0.338028
2585,0.268222,0.989247,0.422018
2586,0.186517,0.805825,0.30292
2587,0.422764,0.764706,0.544503
2588,0.466667,0.434109,0.449799
2589,0.201794,0.978261,0.334572
2590,0.578035,0.793651,0.668896
2591,0.535714,0.978261,0.692308
2592,0.271053,0.735714,0.396154
2593,0.297297,0.747573,0.425414
2594,0.445498,0.77686,0.566265
2595,0.781818,0.86,0.819048
2596,0.373391,0.977528,0.540373
2597,0.584459,0.865,0.697581
2598,0.421277,0.86087,0.565714
2599,0.224199,1,0.366279
2600,0.693333,0.753623,0.722222
2601,0.275,0.526946,0.361396
2602,0.622642,0.755725,0.682759
2603,0.10687,0.291667,0.156425
2604,0.433628,0.98,0.601227
2605,0.697674,0.722892,0.710059
2606,0.0642857,0.931034,0.120267
2607,0.314136,1,0.478088
2608,0.104851,0.41875,0.16771
2609,0.231003,0.974359,0.373464
2610,0.145548,0.944444,0.252226
2611,0.484043,0.514124,0.49863
2612,0.195122,0.316384,0.241379
2613,0.829268,0.829268,0.829268
2614,0.404531,0.844595,0.547046
2615,0.526786,0.771242,0.625995
2616,0.109164,0.455056,0.176087
2617,0.5,0.840426,0.626984
2618,0.277567,0.960526,0.430678
2619,0.423729,0.892857,0.574713
2620,0.00338201,1,0.00674123
2621,0.408696,0.930693,0.567976
2622,0.104106,0.972603,0.188079
2623,0.0650407,0.969697,0.121905
2624,0.329412,0.788732,0.46473
2625,0.153037,0.891156,0.261216
2626,0.152104,0.886792,0.259669
2627,0.056325,1,0.106643
2628,0.0898876,1,0.164948
2629,0.463415,0.934426,0.619565
2630,0.508108,0.643836,0.567976
2631,0.228381,0.936364,0.367201
2632,0.608696,0.875,0.717949
2633,0.4,0.837607,0.541436
2634,0.0545657,0.98,0.103376
2635,0.54955,0.877698,0.6759
2636,0.554217,0.910891,0.689139
2637,0.351145,0.836364,0.494624
2638,0.164345,1,0.282297
2639,0.577922,0.773913,0.66171
2640,0.785714,0.765217,0.77533
2641,0.553333,0.560811,0.557047
2642,0.395887,0.88,0.546099
2643,0.291845,0.918919,0.442997
2644,0.353846,0.359375,0.356589
2645,0.376543,0.884058,0.528139
2646,0.6,0.44,0.507692
2647,0.638554,0.898305,0.746479
2648,0.609272,0.910891,0.730159
2649,0.888889,0.8,0.842105
2650,0.659259,0.717742,0.687259
2651,0.250681,0.884615,0.390658
2652,0.461929,0.728,0.565217
2653,0.181572,0.858974,0.299776
2654,0.148734,1,0.258953
2655,0.515625,0.86087,0.644951
2656,0.125668,1,0.223278
2657,0.285476,0.863636,0.429109
2658,0.259615,0.870968,0.4
2659,0.857143,1,0.923077
2660,0.490798,0.837696,0.618956
2661,0.848837,0.924051,0.884848
2662,0.727273,0.847059,0.782609
2663,0.326923,0.346939,0.336634
2664,0.0559567,0.925373,0.105532
2665,0.815603,0.751634,0.782313
2666,0.409449,0.928571,0.568306
2667,0.550898,0.754098,0.636678
2668,0.137306,0.609195,0.224101
2669,0.298611,0.447917,0.358333
2670,0.15896,0.714286,0.260047
2671,0.47027,0.59589,0.52568
2672,0.390411,0.95,0.553398
2673,0.168527,0.986928,0.287893
2674,0.315914,0.93662,0.472469
2675,0.528689,0.908451,0.668394
2676,0.404624,0.828402,0.543689
2677,0.117647,0.975,0.20996
2678,0.288591,0.803738,0.424691
2679,0.189474,0.981818,0.317647
2680,0.0485348,0.981481,0.0924956
2681,0.0544106,1,0.103206
2682,0.568421,1,0.724832
2683,0.246094,0.466667,0.322251
2684,0.223529,0.76,0.345455
2685,0.281654,0.893443,0.428291
2686,0.0667331,0.881579,0.124074
2687,0.344156,0.905983,0.498824
2688,0.765432,0.953846,0.849315
2689,0.5,0.797753,0.614719
2690,0.188235,0.941176,0.313725
2691,1,0.714286,0.833333
2692,0.293532,0.797297,0.429091
2693,0.0439932,0.981132,0.0842105
2694,0.134615,0.913043,0.234637
2695,0.878049,0.837209,0.857143
2696,0.544503,0.748201,0.630303
2697,0.644444,0.983051,0.778523
2698,0.275229,0.857143,0.416667
2699,0.757895,0.935065,0.837209
2700,0.295,1,0.455598
2701,0.252825,0.937173,0.39822
2702,0.6875,0.323529,0.44
2703,0.348214,0.857143,0.495238
2704,0.0680328,0.965116,0.127106
2705,0.590361,0.302469,0.4
2706,0.0992,1,0.180495
2707,0.636943,0.613497,0.625
2708,0.676692,0.731707,0.703125
2709,0.432773,0.927928,0.590258
2710,0.140969,0.646465,0.231465
2711,0.681319,0.696629,0.688889
2712,0.705357,0.612403,0.655602
2713,0.244186,1,0.392523
2714,0.403955,0.899371,0.557505
2715,0.77551,0.826087,0.8
2716,0.717391,0.709677,0.713514
2717,0.429185,0.75188,0.546448
2718,0.281481,0.938272,0.433048
2719,0.089983,0.946429,0.164341
2720,0.178841,0.855422,0.295833
2721,0.5625,0.910112,0.695279
2722,0.144345,0.915094,0.249357
2723,0.105023,1,0.190083
2724,0.511278,0.894737,0.650718
2725,0.422222,0.979381,0.590062
2726,0.59292,0.848101,0.697917
2727,0.17971,0.939394,0.301703
2728,0.564356,0.919355,0.699387
2729,0.39548,0.945946,0.557769
2730,0.670213,0.692308,0.681081
2731,0.0609037,0.984127,0.114709
2732,0.27686,0.930556,0.426752
2733,0.804878,0.825,0.814815
2734,0.15736,0.981013,0.271216
2735,0.0674779,0.924242,0.125773
2736,0.0618557,1,0.116505
2737,0.124528,0.445946,0.19469
2738,0.810127,0.842105,0.825806
2739,0.38961,0.8,0.524017
2740,0.181818,0.8,0.296296
2741,0.256637,0.659091,0.369427
2742,0.316456,0.925926,0.471698
2743,0.174721,0.912621,0.293292
2744,0.168467,0.95122,0.286239
2745,0.0302045,0.984848,0.0586114
2746,0.575758,0.404255,0.475
2747,0.422764,0.962963,0.587571
2748,0.793103,0.69697,0.741935
2749,0.138308,0.965278,0.24195
2750,0.75,0.75,0.75
2751,0.299559,0.931507,0.453333
2752,0.541284,0.450382,0.491667
2753,0.314286,0.681416,0.430168
2754,0.15748,0.618557,0.251046
2755,0.333333,0.842105,0.477612
2756,0.401869,0.803738,0.535826
2757,0.274854,0.959184,0.427273
2758,0.0850515,0.478261,0.14442
2759,0.386301,0.87037,0.535104
2760,0.198391,0.850575,0.321739
2761,0.129666,0.956522,0.228374
2762,0.21164,0.991736,0.348837
2763,0.30303,0.733945,0.428954
2764,0.258197,1,0.410423
2765,0.853659,0.795455,0.823529
2766,0.168,0.893617,0.282828
2767,0.779661,0.836364,0.807018
2768,0.271186,0.661157,0.384615
2769,0.648485,0.640719,0.644578
2770,0.0489209,1,0.0932785
2771,0.151515,0.57971,0.24024
2772,0.424419,0.935897,0.584
2773,0.588235,0.508475,0.545455
2774,0.103125,1,0.186969
2775,0.258523,0.602649,0.361829
2776,0.114969,0.949045,0.205093
2777,0.587097,0.694656,0.636364
2778,0.287749,0.95283,0.442013
2779,0.0337662,1,0.0653266
2780,0.161512,0.979167,0.277286
2781,0.162242,0.901639,0.275
2782,0.501458,0.864322,0.634686
2783,0.514925,1,0.679803
2784,0.0461538,0.981818,0.0881633
2785,0.214286,0.94186,0.349138
2786,0.275,0.797101,0.408922
2787,0.6875,0.795181,0.73743
2788,0.192935,0.586777,0.290389
2789,0.117417,1,0.210158
2790,0.0504686,1,0.0960879
2791,0.660714,0.822222,0.732673
2792,0.181269,1,0.306905
2793,0.342857,0.923077,0.5
2794,0.0586881,0.944444,0.110509
2795,0.502146,0.713415,0.589421
2796,0.852459,1,0.920354
2797,0.406061,0.985294,0.575107
2798,0.490196,0.806452,0.609756
2799,0.111274,0.962025,0.199475
2800,0.228972,0.942308,0.368421
2801,0.121924,1,0.217348
2802,0.277228,0.949153,0.429119
2803,0.0722543,1,0.134771
2804,0.650485,0.807229,0.72043
2805,0.519868,0.792929,0.628
2806,0.28169,0.860215,0.424403
2807,0.460317,0.698795,0.555024
2808,0.380645,0.678161,0.487603
2809,0.372727,0.418367,0.394231
2810,0.757282,0.83871,0.795918
2811,0.055483,1,0.105133
2812,0.730159,0.707692,0.71875
2813,0.528986,0.570312,0.548872
2814,0.728261,0.807229,0.765714
2815,0.831858,0.671429,0.743083
2816,0.72549,0.880952,0.795699
2817,0.275862,0.96,0.428571
2818,0.379747,0.511364,0.435835
2819,0.425101,0.6,0.49763
2820,0.202055,1,0.336182
2821,0.377358,0.632911,0.472813
2822,0.195929,0.542254,0.28785
2823,0.689189,0.864407,0.766917
2824,0.46124,0.757962,0.573494
2825,0.308219,1,0.471204
2826,0.819444,0.907692,0.861314
2827,0.0944882,0.631579,0.164384
2828,0.705882,0.878049,0.782609
2829,0.130579,0.9875,0.230657
2830,0.25,0.744898,0.374359
2831,0.485981,0.298851,0.370107
2832,0.124069,0.581395,0.204499
2833,0.340164,0.846939,0.48538
2834,0.165242,0.991453,0.283272
2835,0.0865088,0.988235,0.159091
2836,0.0618861,1,0.116559
2837,0.734375,0.94,0.824561
2838,0.0353535,1,0.0682927
2839,0.321656,0.885965,0.471963
2840,0.643836,0.691176,0.666667
2841,0.49635,0.957746,0.653846
2842,0.496894,0.434783,0.463768
2843,0.8,0.903226,0.848485
2844,0.0922819,0.901639,0.167428
2845,0.179144,0.957143,0.301802
2846,0.258741,0.902439,0.402174
2847,0.341014,0.870588,0.490066
2848,0.191176,0.384615,0.255403
2849,0.730435,0.730435,0.730435
2850,0.186667,0.25,0.21374
2851,0.217557,1,0.357367
2852,0.0525633,0.987805,0.0998152
2853,0.11165,0.985714,0.200581
2854,0.0576155,0.971154,0.108778
2855,0.140704,0.99115,0.246425
2856,0.230337,0.710983,0.347949
2857,0.531646,0.913043,0.672
2858,0.104274,1,0.188854
2859,0.551282,0.966292,0.702041
2860,0.263941,0.8875,0.406877
2861,0.321586,0.960526,0.481848
2862,0.41841,0.757576,0.539084
2863,0.592,0.860465,0.701422
2864,0.0559094,1,0.105898
2865,0.567568,0.528302,0.547231
2866,0.695652,0.716418,0.705882
2867,0.329843,0.954545,0.490272
2868,0.00124287,1,0.00248266
2869,0.597015,0.56338,0.57971
2870,0.0658009,0.987013,0.123377
2871,0.333333,0.939759,0.492114
2872,0.24744,0.895062,0.387701
2873,0.323636,0.674242,0.437346
2874,0.54,0.591241,0.56446
2875,0.530612,0.8125,0.641975
2876,0.254808,0.913793,0.398496
2877,0.480519,0.973684,0.643478
2878,0.235602,0.90604,0.373961
2879,0.234783,0.931034,0.375
2880,0.106405,0.936364,0.191095
2881,0.428571,0.702128,0.532258
2882,0.121905,0.955224,0.216216
2883,0.414062,0.414062,0.414062
2884,0.111111,0.970149,0.199387
2885,0.153846,1,0.266667
2886,0.588235,0.794702,0.676056
2887,0.309859,0.926316,0.46438
2888,0.15508,0.983051,0.267898
2889,0.0745763,0.956522,0.138365
2890,0.557471,0.518717,0.537396
2891,0.38535,0.975806,0.552511
2892,0.201521,1,0.335443
2893,0.0596206,1,0.112532
2894,0.322368,0.715328,0.444444
2895,0.495614,0.768707,0.602667
2896,0.763359,0.746269,0.754717
2897,0.357843,0.901235,0.512281
2898,0.629139,0.95,0.756972
2899,0.155388,0.925373,0.266094
2900,0.179331,0.95935,0.302177
2901,0.0924499,0.895522,0.167598
2902,0.605634,0.219388,0.322097
2903,0.0573183,0.949153,0.108108
2904,0.149273,1,0.25977
2905,0.862745,0.830189,0.846154
2906,0.75,0.56044,0.641509
2907,0.76,0.66087,0.706977
2908,0.121168,0.68595,0.205955
2909,0.184275,0.974026,0.309917
2910,0.427632,0.890411,0.577778
2911,0.215633,0.930233,0.350109
2912,0.143813,0.741379,0.240896
2913,0.681818,0.882353,0.769231
2914,0.504065,0.466165,0.484375
2915,0.615819,0.819549,0.703226
2916,0.17052,0.776316,0.279621
2917,0.777778,0.9625,0.860335
2918,0.0226481,1,0.044293
2919,0.107356,1,0.193896
2920,0.532934,0.712,0.609589
2921,0.149083,0.677083,0.244361
2922,0.470899,0.706349,0.565079
2923,0.0694131,0.615,0.124746
2924,0.477941,0.902778,0.625
2925,0.178788,0.921875,0.299492
2926,0.168367,0.980198,0.287373
2927,0.8375,0.77907,0.807229
2928,0.0651387,0.870968,0.121212
2929,0.118321,1,0.211604
2930,0.39801,0.842105,0.540541
2931,0.0979133,0.968254,0.177843
2932,0.583784,0.923077,0.715232
2933,0.0745543,0.901961,0.137725
2934,0.374449,0.720339,0.492754
2935,0.758621,0.890173,0.819149
2936,0.211321,0.982456,0.347826
2937,0.719457,0.878453,0.791045
2938,0.139276,1,0.244499
2939,0.829268,0.829268,0.829268
2940,0.300752,0.714286,0.42328
2941,0.12848,1,0.227704
2942,0.263666,0.836735,0.400978
2943,0.341297,0.925926,0.498753
2944,0.459259,0.984127,0.626263
2945,0.110855,1,0.199584
2946,0.680412,0.733333,0.705882
2947,0.0295139,1,0.0573356
2948,0.488889,0.44898,0.468085
2949,0.0558659,1,0.10582
2950,0.181579,0.958333,0.30531
2951,0.803922,0.854167,0.828283
2952,0.207317,0.833333,0.332031
2953,0.651429,0.802817,0.719243
2954,0.463415,0.934426,0.619565
2955,0.452381,0.491379,0.471074
2956,0.26009,0.84058,0.39726
2957,0.279352,0.873418,0.423313
2958,0.106646,0.985714,0.192469
2959,0.142091,1,0.248826
2960,0.0361672,1,0.0698096
2961,0.225532,0.929825,0.363014
2962,0.430809,0.841837,0.569948
2963,0.166667,0.541667,0.254902
2964,0.508475,0.75,0.606061
2965,0.031746,1,0.0615385
2966,0.158924,0.984848,0.273684
2967,0.726027,0.697368,0.711409
2968,0.18958,0.935714,0.315283
2969,0.169329,0.477477,0.25
2970,0.0425824,0.939394,0.0814717
2971,0.445205,0.677083,0.53719
2972,0.579545,0.761194,0.658065
2973,0.433476,0.63125,0.513995
2974,0.215686,0.846154,0.34375
2975,0.147107,0.967391,0.25538
2976,0.17,0.85,0.283333
2977,0.122951,1,0.218978
2978,0.623377,1,0.768
2979,0.5,0.539683,0.519084
2980,0.459016,0.247788,0.321839
2981,0.708108,0.949275,0.811146
2982,0.566667,0.653846,0.607143
2983,0.420635,0.981481,0.588889
2984,0.164117,0.991597,0.281623
2985,0.642857,0.978261,0.775862
2986,0.780749,0.760417,0.770449
2987,0.695238,0.924051,0.793478
2988,0.645161,0.909091,0.754717
2989,0.279461,0.976471,0.434555
2990,0.27451,0.982456,0.429119
2991,0.389671,0.965116,0.555184
2992,0.594828,0.726316,0.654028
2993,0.558824,0.581633,0.57
2994,0.464481,0.858586,0.602837
2995,0.592857,0.838384,0.694561
2996,0.545455,0.765101,0.636872
2997,0.216867,0.576923,0.315236
2998,0.57485,0.786885,0.66436
2999,0.28655,0.960784,0.441441
3000,0.75641,0.867647,0.808219
3001,0.161959,0.934783,0.276083
3002,0.528,0.39521,0.452055
3003,0.298851,0.981132,0.45815
3004,0.231343,0.925373,0.370149
3005,0.0868984,0.984848,0.159705
3006,0.456,0.44186,0.448819
3007,0.1875,0.923077,0.311688
3008,0.166282,0.935065,0.282353
3009,0.725664,0.5125,0.600733
3010,0.433333,0.928571,0.590909
3011,0.232558,0.9375,0.372671
3012,0.455621,0.455621,0.455621
3013,0.634146,0.757282,0.690265
3014,0.168937,0.590476,0.262712
3015,0.434028,0.647668,0.519751
3016,0.202703,0.949367,0.334076
3017,0.5,0.816667,0.620253
3018,0.408046,0.577236,0.478114
3019,0.15625,0.980392,0.269542
3020,0.446078,0.758333,0.561728
3021,0.878049,0.837209,0.857143
3022,0.396552,0.547619,0.46
3023,0.689922,0.644928,0.666667
3024,0.143802,1,0.251445
3025,0.149412,0.846667,0.254
3026,0.425373,0.765101,0.546763
3027,0.143003,0.992908,0.25
3028,0.156425,0.982456,0.26988
3029,0.611111,1,0.758621
3030,0.573034,0.68,0.621951
3031,0.32967,0.991736,0.494845
3032,0.60241,0.980392,0.746269
3033,0.0412371,0.0506329,0.0454545
3034,0.212617,0.883495,0.34275
3035,0.618421,0.862385,0.720307
3036,0.2589,0.963855,0.408163
3037,0.688679,0.651786,0.669725
3038,0.451327,0.463636,0.457399
3039,0.478723,0.9375,0.633803
3040,0.22973,0.980769,0.372263
3041,0.594828,0.575,0.584746
3042,0.696809,0.839744,0.761628
