id,precision,recall,f1
0,0.549434,0.262885,0.355619
1,0.397914,0.318996,0.354111
2,0.13598,0.431635,0.206808
3,0.171913,0.403409,0.241087
4,0.847458,0.909091,0.877193
5,0.386826,0.254879,0.307287
6,0.000208609,1,0.00041713
7,0.244056,0.688098,0.360315
8,0.323757,0.401686,0.358536
9,0.104912,0.940217,0.188762
10,0.251908,0.683432,0.368127
11,0.4279,0.26162,0.32471
12,0.334459,0.649891,0.441636
13,0.247191,0.672941,0.361568
14,0.559593,0.490758,0.52292
15,0.592417,0.307125,0.404531
16,0.51,0.703448,0.591304
17,0.453213,0.680259,0.543996
18,0.692841,0.722892,0.707547
19,0.320988,0.987342,0.484472
20,0.32958,0.606403,0.427056
21,0.329897,0.484848,0.392638
22,0.582775,0.236155,0.336109
23,0.142312,0.709239,0.237057
24,0.587687,0.690789,0.635081
25,0.377542,0.490241,0.426573
26,0.328025,0.990385,0.492823
27,0.328358,0.803653,0.466225
28,0.504152,0.541401,0.522113
29,0.435789,0.447084,0.441365
30,0.367972,0.158247,0.221316
31,0.493311,0.475806,0.484401
32,0.6,1,0.75
33,0.388042,0.727473,0.506116
34,0.550847,0.537931,0.544313
35,0.480604,0.587325,0.528632
36,0.33665,0.918552,0.492718
37,0.141667,0.944444,0.246377
38,0.642285,0.570285,0.604147
39,0.213959,0.542029,0.306809
40,0.313433,0.223404,0.26087
41,0.000341355,1,0.000682477
42,0.170234,0.267628,0.2081
43,0.491892,0.470893,0.481163
44,0.38961,0.649819,0.487145
45,0.259771,0.355263,0.300104
46,0.0580748,0.935897,0.109363
47,1,1,1
48,0.432749,0.318966,0.367246
49,0.413793,0.84507,0.555556
50,0.379592,0.815789,0.518106
51,0.241322,0.540741,0.333714
52,0.323944,0.151316,0.206278
53,0.497015,0.506079,0.501506
54,0.251332,0.297269,0.272377
55,0.152753,0.690763,0.250182
56,0.313746,0.516408,0.390339
57,0.0280374,1,0.0545455
58,0.227941,0.421053,0.295766
59,0.0888605,0.418838,0.146615
60,0.745455,0.838875,0.78941
61,0.577778,0.588679,0.583178
62,0.541935,0.954545,0.691358
63,0.275416,0.586614,0.374843
64,0.455128,0.809886,0.582763
65,0.305804,0.815476,0.444805
66,0.268608,0.294326,0.28088
67,0.176692,0.163763,0.169982
68,0.207921,0.424242,0.27907
69,0.618384,0.773519,0.687307
70,0.5,0.666667,0.571429
71,0.528061,0.678689,0.593974
72,0.257346,0.650901,0.368858
73,0.355599,0.79386,0.49118
74,0.351718,0.532877,0.423747
75,0.00215401,1,0.00429876
76,0.281625,0.519018,0.365127
77,0.372038,0.418667,0.393977
78,0.104851,0.41875,0.16771
79,0.447761,0.661765,0.534125
80,0.300995,0.348201,0.322882
81,0.371429,0.77381,0.501931
82,0.401349,0.655647,0.497908
83,0.449735,0.285235,0.349076
84,0.145773,0.197628,0.167785
85,0.159708,0.455357,0.236476
86,0.318363,0.451977,0.373582
87,0.413534,0.411792,0.412661
88,0.474328,0.685512,0.560694
89,0.42838,0.661157,0.519903
90,0.327014,0.257463,0.2881
91,0.217064,0.354508,0.269261
92,0.380865,0.637755,0.476917
93,0.127172,0.993827,0.22549
94,0.431227,0.63388,0.513274
95,0.536842,0.385567,0.4488
96,0.122214,0.929825,0.216033
97,0.33469,0.705252,0.45395
98,0.0841202,0.933333,0.154331
99,0.328426,0.421512,0.369192
100,0.179259,0.682497,0.28394
101,0.502972,0.728741,0.595165
102,0.553229,0.735499,0.631474
103,0.446945,0.442675,0.4448
104,0.13488,0.216279,0.166146
105,0.459584,0.750943,0.570201
106,0.279302,0.355979,0.313013
107,0.610169,0.672897,0.64
108,0.427984,0.717241,0.536082
109,0.363176,0.341812,0.35217
110,0.417069,0.522704,0.46395
111,0.00024362,1,0.000487122
112,0.107962,0.326531,0.162272
113,0.379171,0.288087,0.327413
114,0.360618,0.623498,0.456947
115,0.0989848,0.366771,0.155896
116,0.385417,0.496644,0.434018
117,0.613861,0.0867133,0.151961
118,0.0963798,0.428115,0.157339
119,0.294715,0.734177,0.420595
120,0.659933,0.745247,0.7
121,0.313556,0.48393,0.380544
122,0.473934,0.584795,0.52356
123,0.402161,0.555556,0.466574
124,0.474981,0.447887,0.461037
125,0.395349,0.894737,0.548387
126,0.703125,0.636792,0.668317
127,0.350181,0.648829,0.454865
128,0.389016,0.301954,0.34
129,0.0319149,1,0.0618557
130,0.106863,0.915966,0.191396
131,0.256944,0.171296,0.205556
132,0.257384,0.380457,0.307047
133,0.556916,0.569462,0.563119
134,0.374833,0.394922,0.384615
135,0.364679,0.569892,0.444755
136,0.186667,0.25,0.21374
137,0.330033,0.483871,0.392413
138,0.698157,0.563197,0.623457
139,0.335958,0.977099,0.5
140,0.329827,0.376824,0.351763
141,0.189911,0.401674,0.257891
142,0.622642,0.507692,0.559322
143,0.658537,0.787172,0.717131
144,0.0030426,1,0.00606673
145,0.525482,0.664056,0.586697
146,0.140969,0.646465,0.231465
147,0.498062,0.747093,0.597674
148,0.215385,0.823529,0.341463
149,0.418818,0.533445,0.469233
150,0.128059,0.339827,0.186019
151,0.201754,0.418182,0.272189
152,0.6875,0.323529,0.44
153,0.406801,0.471762,0.43688
154,0.104594,0.185442,0.13375
155,0.0474347,0.98,0.0904894
156,0.262391,0.211765,0.234375
157,0.191057,0.930693,0.317032
158,0.52449,0.507404,0.515805
159,0.198391,0.850575,0.321739
160,0.223986,0.48289,0.306024
161,0.617618,0.6606,0.638386
162,0.217054,0.979021,0.35533
163,0.429329,0.442623,0.435874
164,0.1016,0.92029,0.182997
165,1,1,1
166,0.259036,0.521212,0.346076
167,0.584314,0.175915,0.270417
168,0.00789474,1,0.0156658
169,0.320191,0.337957,0.328834
170,0.295359,0.290155,0.292734
171,0.255572,0.456233,0.327619
172,0.201166,0.496403,0.286307
173,0.483115,0.422289,0.450659
174,0.198795,0.528,0.28884
175,0.188184,0.308244,0.233696
176,0.285714,0.182254,0.222548
177,0.120047,0.571963,0.198444
178,0.706667,0.253386,0.373021
179,0.00393701,1,0.00784314
180,0.17916,0.733129,0.287952
181,0.299896,0.470253,0.366233
182,0.218418,0.332136,0.263533
183,0.380373,0.609385,0.468384
184,0.625,0.572917,0.597826
185,0.671875,0.584239,0.625
186,0.845455,0.392405,0.536023
187,0.404313,0.961538,0.56926
188,0.572559,0.947598,0.713816
189,0.117848,0.294872,0.168395
190,0.446386,0.676294,0.537799
191,0.626506,0.613208,0.619785
192,0.202586,0.202586,0.202586
193,0.301829,0.970588,0.460465
194,0.657005,0.85,0.741144
195,0.0798158,0.717241,0.143646
196,0.394196,0.586331,0.471439
197,0.388316,0.201786,0.26557
198,0.352564,0.268293,0.304709
199,0.422006,0.473438,0.446244
200,0.304721,0.126335,0.178616
201,0.55814,0.214925,0.310345
202,0.46934,0.210359,0.290511
203,0.217304,0.298343,0.251455
204,0.638614,0.359331,0.459893
205,0.370031,0.724551,0.489879
206,0.59127,0.577519,0.584314
207,0.000489956,1,0.000979432
208,0.553333,0.577726,0.565267
209,0.402542,0.598739,0.481419
210,0.498858,0.644543,0.56242
211,0.502583,0.685694,0.58003
212,0.420775,0.512051,0.461947
213,0.150074,0.537234,0.234611
214,0.712177,0.569322,0.632787
215,0.274227,0.963768,0.426966
216,0.192708,0.148396,0.167674
217,0.0533049,1,0.101215
218,0.376789,0.37619,0.376489
219,0.370518,0.375378,0.372932
220,0.0847851,0.960526,0.155816
221,0.295082,0.212389,0.246998
222,0.317623,0.3125,0.315041
223,0.15208,0.288828,0.199248
224,0.623256,0.690722,0.655257
225,0.38125,0.787097,0.513684
226,0.596491,0.790698,0.68
227,0.372727,0.418367,0.394231
228,0.482332,0.631944,0.547094
229,0.168367,0.331992,0.223426
230,0.454545,0.516129,0.483384
231,0.159468,0.475248,0.238806
232,0.479979,0.344684,0.401233
233,0.433333,0.147727,0.220339
234,0.2,0.728916,0.313878
235,0.558621,0.463918,0.506884
236,0.291372,0.371171,0.326466
237,0.324324,0.561702,0.411215
238,0.329889,0.735816,0.455543
239,0.306818,0.114528,0.166795
240,0.416174,0.728088,0.529618
241,0.506329,0.604915,0.551249
242,0.733161,0.581109,0.648339
243,0.546667,0.643979,0.591346
244,0.389831,0.2881,0.331333
245,0.558685,0.734568,0.634667
246,0.164345,0.1737,0.168893
247,0.33189,0.521542,0.405644
248,0.155405,0.375,0.219745
249,0.211842,0.365909,0.268333
250,0.2007,0.484507,0.283828
251,0.363973,0.602041,0.453672
252,0.00105923,1,0.00211622
253,0.155666,0.236742,0.187829
254,0.69322,0.590188,0.637568
255,0.240793,0.977011,0.386364
256,0.246127,0.293634,0.26779
257,0.489764,0.625126,0.549227
258,0.116105,0.497326,0.188259
259,0.360485,0.275497,0.312312
260,0.685714,0.90566,0.780488
261,0.0582072,1,0.110011
262,0.413203,0.555921,0.474053
263,0.31677,0.772727,0.449339
264,0.342479,0.231754,0.276441
265,0.333955,0.60678,0.430806
266,0.481837,0.781111,0.596015
267,0.429142,0.526961,0.473047
268,0.684874,0.942197,0.793187
269,0.313187,0.290076,0.301189
270,0.455446,0.501362,0.477302
271,0.373984,0.728713,0.494291
272,0.248763,0.353059,0.291874
273,0.578947,0.36803,0.45
274,0.481308,0.861925,0.617691
275,0.108434,0.302013,0.159574
276,0.412,0.780303,0.539267
277,0.259794,0.567568,0.356436
278,0.305913,0.457692,0.366718
279,0.111498,0.984615,0.200313
280,0.546667,0.861345,0.668842
281,0.392045,0.926174,0.550898
282,0.15883,0.620408,0.252912
283,0.447867,0.596842,0.511733
284,0.162791,0.544444,0.250639
285,0.5,0.318486,0.389116
286,0.427835,0.199519,0.272131
287,0.136183,0.232203,0.171679
288,0.448276,0.69395,0.544693
289,0.23871,0.170507,0.198925
290,0.00167879,1,0.00335196
291,0.0923077,0.873786,0.166976
292,0.414244,0.643341,0.503979
293,0.410845,0.50908,0.454717
294,0.519231,0.252336,0.339623
295,0.286962,0.300793,0.293715
296,0.0969432,0.263658,0.141762
297,0.408333,0.525,0.459375
298,0.647929,0.492135,0.559387
299,0.119701,0.48731,0.192192
300,0.297297,0.942857,0.452055
301,0.17765,0.253061,0.208754
302,0.23662,0.563758,0.333333
303,0.549815,0.568702,0.559099
304,0.323636,0.674242,0.437346
305,0.343023,0.45585,0.391469
306,0.162231,0.298368,0.210181
307,0.301887,0.955224,0.458781
308,0.561497,0.681818,0.615836
309,0.145455,0.2,0.168421
310,0.259542,0.365591,0.303571
311,0.362805,0.730061,0.484725
312,0.292683,0.38247,0.331606
313,0.297235,1,0.458259
314,0.163575,0.209503,0.183712
315,0.54372,0.807556,0.649881
316,0.123552,0.827586,0.215006
317,0.184211,0.972222,0.309735
318,0.318182,0.157658,0.210843
319,0.501992,0.926471,0.651163
320,0.518591,0.777126,0.622066
321,0.480916,0.278761,0.352941
322,0.253968,0.351648,0.294931
323,0.336766,0.19258,0.245036
324,0.439153,0.614815,0.512346
325,0.315789,0.736842,0.442105
326,0.265873,0.449664,0.334165
327,0.457784,0.370958,0.409823
328,0.600775,0.851648,0.704545
329,0.345171,0.831074,0.48776
330,0.396591,0.410106,0.403235
331,0.359155,0.588462,0.446064
332,0.722689,0.724211,0.723449
333,0.380826,0.465041,0.418741
334,0.419355,0.375,0.395939
335,0.719595,0.872951,0.788889
336,0.138514,0.332792,0.195611
337,0.236735,0.725,0.356923
338,0.314286,0.681416,0.430168
339,0.561743,0.822695,0.667626
340,0.367213,0.842105,0.511416
341,0.569378,0.767742,0.653846
342,0.295667,0.602076,0.396581
343,0.163656,0.788918,0.271079
344,0.396552,0.545763,0.459344
345,0.34977,0.460606,0.397608
346,0.592727,0.558219,0.574956
347,0.376645,0.394148,0.385198
348,0.418033,0.703448,0.524422
349,0.530806,0.240343,0.330871
350,0.57803,0.559966,0.568855
351,0.148262,0.941558,0.256184
352,0.174439,0.392996,0.241627
353,0.517677,0.491214,0.504098
354,0.414159,0.306283,0.352144
355,0.0855057,0.620038,0.150286
356,0.317299,0.668616,0.430364
357,0.302714,0.932476,0.457053
358,0.143426,0.818182,0.244068
359,0.558648,0.426404,0.483649
360,0.5,0.212435,0.298182
361,0.541667,0.113043,0.18705
362,0.158887,0.375796,0.223344
363,0.161932,0.32525,0.216216
364,0.349701,0.668192,0.459119
365,0.431804,0.32421,0.37035
366,0.000552639,1,0.00110467
367,0.0983792,0.263903,0.143328
368,0.195231,0.202473,0.198786
369,0.311429,0.553299,0.398537
370,0.204334,0.4,0.270492
371,0.338518,0.410655,0.371113
372,0.505747,0.785714,0.615385
373,0.000656106,1,0.00131135
374,0.75,1,0.857143
375,0.215375,0.375133,0.273643
376,0.167139,0.487603,0.248945
377,0.470199,0.739583,0.574899
378,0.374449,0.720339,0.492754
379,0.289199,0.200483,0.236805
380,0.0714286,0.666667,0.129032
381,0.229452,0.148889,0.180593
382,0.000206683,1,0.00041328
383,0.261278,0.620536,0.367725
384,0.456,0.44186,0.448819
385,0.640351,0.595918,0.617336
386,0.00810811,1,0.0160858
387,0.228049,0.337545,0.272198
388,0.259259,0.168675,0.20438
389,0.146523,0.994382,0.255411
390,0.168589,0.666667,0.269122
391,0.289511,0.601578,0.3909
392,0.0833333,0.302632,0.130682
393,0.422222,0.979381,0.590062
394,0.486301,0.767568,0.595388
395,0.116481,0.297468,0.167409
396,0.115328,0.157685,0.133221
397,0.290698,0.196541,0.234522
398,0.40249,0.580838,0.47549
399,0.314264,0.557312,0.4019
400,0.28536,0.223735,0.250818
401,0.460526,0.206287,0.284939
402,0.251781,0.929825,0.396262
403,0.384977,0.390476,0.387707
404,0.749186,0.346386,0.473738
405,0.42711,0.387471,0.406326
406,0.140426,0.237838,0.176589
407,0.286374,0.138239,0.186466
408,0.513298,0.134965,0.213732
409,0.18958,0.935714,0.315283
410,0.265258,0.24197,0.25308
411,0.337349,0.487282,0.398686
412,0.597727,0.456597,0.517717
413,0.000264131,1,0.000528123
414,0.244565,0.216346,0.229592
415,0.345309,0.466307,0.396789
416,0.539394,0.478495,0.507123
417,0.41516,0.546703,0.471937
418,0.376106,0.489914,0.425532
419,0.312298,0.794239,0.448316
420,0.152478,0.502664,0.233981
421,0.124861,0.208955,0.156315
422,0.57971,0.490798,0.531561
423,0.571429,0.137931,0.222222
424,0.419192,0.178495,0.250377
425,0.526749,0.454707,0.488084
426,0.453795,0.774648,0.57232
427,0.281654,0.893443,0.428291
428,0.353997,0.783394,0.48764
429,0.177112,0.984848,0.300231
430,0.107492,0.492537,0.176471
431,0.503782,0.72156,0.593318
432,0.418719,0.125554,0.193182
433,0.711921,0.494253,0.583446
434,0.350617,0.300847,0.323831
435,0.323632,0.266795,0.292478
436,0.000258777,1,0.00051742
437,0.436709,0.673171,0.52975
438,0.132827,0.5,0.209895
439,0.31981,0.445341,0.372278
440,0.707143,0.424893,0.530831
441,0.41523,0.346108,0.377531
442,0.196429,0.748691,0.311208
443,0.539648,0.618687,0.576471
444,0.412727,0.383446,0.397548
445,0.247148,0.474453,0.325
446,0.439189,0.833333,0.575221
447,0.259013,0.773371,0.38806
448,0.17331,0.724638,0.27972
449,0.620656,0.639165,0.629775
450,0.0920502,0.88,0.166667
451,0.466216,0.379121,0.418182
452,0.447154,0.679012,0.539216
453,0.533898,0.744094,0.621711
454,0.603053,0.9875,0.748815
455,0.328063,0.85567,0.474286
456,0.592593,0.424779,0.494845
457,0.703448,0.910714,0.793774
458,0.113309,0.29717,0.164062
459,0.51087,0.145511,0.226506
460,0.44686,0.391949,0.417607
461,0.402624,0.815951,0.539189
462,0.271845,0.513761,0.355556
463,0.408264,0.384137,0.395833
464,0.466667,0.434109,0.449799
465,0.196364,0.249307,0.219691
466,0.155797,0.358333,0.217172
467,0.209722,0.574144,0.307223
468,0.643836,0.691176,0.666667
469,0.137011,0.447674,0.209809
470,0.227382,0.305376,0.26067
471,0.322183,0.288644,0.304493
472,0.515982,0.189597,0.277301
473,0.000215672,1,0.000431251
474,0.478154,0.755625,0.585689
475,0.221713,0.48495,0.304302
476,0.752381,0.79,0.770732
477,0.375262,0.344231,0.359077
478,0.639286,0.680608,0.6593
479,0.659259,0.525074,0.584565
480,0.558077,0.596291,0.576552
481,0.189036,0.275482,0.224215
482,0.204301,0.511538,0.291987
483,0.655172,0.715674,0.684088
484,0.205067,0.500583,0.290946
485,0.283636,0.433333,0.342857
486,0.625767,0.573034,0.59824
487,0.224806,0.273585,0.246809
488,0.646409,0.317935,0.42623
489,0.502994,0.390093,0.439407
490,0.801688,0.979381,0.881671
491,0.000253829,1,0.000507528
492,0.589928,0.348936,0.438503
493,0.909091,1,0.952381
494,0.0412371,0.0506329,0.0454545
495,0.11032,0.274336,0.15736
496,0.521739,0.695652,0.596273
497,0.501792,0.509091,0.505415
498,0.475132,0.628852,0.54129
499,0.401189,0.851735,0.545455
500,0.428571,0.533575,0.475344
501,0.488889,0.436123,0.461001
502,0.452532,0.528651,0.487639
503,0.270299,0.38685,0.318239
504,0.658996,0.592105,0.623762
505,0.234694,0.228856,0.231738
506,0.25124,0.573585,0.349425
507,0.276423,0.354167,0.310502
508,0.511719,0.422581,0.462898
509,0.512195,0.316981,0.391608
510,0.635514,0.610778,0.622901
511,0.494048,0.638462,0.557047
512,0.458333,0.601562,0.52027
513,0.110381,0.366812,0.169697
514,0.354701,0.365639,0.360087
515,0.406103,0.594502,0.482566
516,0.497653,0.288828,0.365517
517,0.599022,0.641361,0.619469
518,0.683673,0.624224,0.652597
519,0.143978,0.657706,0.236241
520,0.220386,0.375587,0.277778
521,0.451014,0.436989,0.44389
522,0.194123,0.496583,0.279129
523,0.292359,0.39819,0.337165
524,0.453237,0.212479,0.289323
525,0.581395,0.231481,0.331126
526,0.560694,0.76178,0.645949
527,0.60521,0.796834,0.687927
528,0.145205,0.716216,0.241458
529,0.19,0.873563,0.312115
530,0.630975,0.839695,0.720524
531,0.382653,0.303644,0.3386
532,0.590214,0.796698,0.678085
533,0.0843882,0.967742,0.155239
534,0.278119,0.396501,0.326923
535,0.623684,0.441341,0.516903
536,0.485401,0.542857,0.512524
537,0.287329,0.378824,0.326793
538,0.323592,0.654179,0.433
539,1,1,1
540,0.225073,0.429972,0.295476
541,0.425091,0.500305,0.459641
542,0.189964,0.300283,0.232711
543,0.341826,0.555172,0.423127
544,0.405707,0.594545,0.482301
545,0.524324,0.438914,0.477833
546,0.0472915,1,0.090312
547,0.574468,0.885246,0.696774
548,0.734694,0.724832,0.72973
549,0.560345,0.841035,0.672579
550,0.629371,0.821918,0.712871
551,0.385438,0.605456,0.47102
552,0.551282,0.966292,0.702041
553,0.166364,0.261905,0.203478
554,0.478788,0.67666,0.560781
555,0.0850515,0.478261,0.14442
556,1,1,1
557,0.285141,0.934211,0.436923
558,0.473538,0.899471,0.620438
559,0.174074,0.566265,0.266289
560,0.108286,0.705521,0.187755
561,0.423729,0.243506,0.309278
562,0.521311,0.647658,0.577657
563,0.191441,0.965909,0.319549
564,0.501014,0.667568,0.572422
565,0.626761,0.532934,0.576052
566,0.405152,0.128912,0.195591
567,0.138599,0.877358,0.239382
568,0.111475,0.409639,0.175258
569,0.164789,0.646481,0.262633
570,0.663793,0.276978,0.390863
571,0.455128,0.6253,0.526813
572,0.272408,0.875706,0.41555
573,0.500891,0.577002,0.53626
574,0.276596,0.821839,0.413893
575,0.502793,0.841121,0.629371
576,0.412831,0.713253,0.522968
577,0.452693,0.635992,0.528912
578,0.540541,0.340426,0.417755
579,0.286058,0.563981,0.379585
580,0.35305,0.3622,0.357566
581,0.621849,0.513889,0.562738
582,0.458365,0.530843,0.491948
583,0.649057,0.882051,0.747826
584,0.576052,0.542683,0.55887
585,0.520343,0.814525,0.635017
586,0.238095,1,0.384615
587,0.409662,0.617176,0.492451
588,0.424051,0.897321,0.575931
589,0.456456,0.938272,0.614141
590,0.517572,0.675,0.585895
591,0.383929,0.621387,0.474614
592,0.293769,0.589286,0.392079
593,0.620499,0.661743,0.640457
594,0.221305,0.692488,0.335418
595,0.00014729,1,0.000294536
596,0.514851,0.473804,0.493476
597,0.203843,0.497959,0.289271
598,0.642857,0.177102,0.2777
599,0.21041,0.945274,0.344203
600,0.128146,0.346213,0.187056
601,0.388112,0.61326,0.475375
602,0.430189,0.844444,0.57
603,0.114654,0.741228,0.19859
604,0.478386,0.68595,0.563667
605,0.6125,0.6125,0.6125
606,0.205298,0.746988,0.322078
607,0.726562,0.592357,0.652632
608,0.602484,0.52861,0.563135
609,0.316239,0.480519,0.381443
610,0.167059,1,0.28629
611,0.395062,0.646465,0.490421
612,0.00845666,1,0.0167715
613,0.0232558,1,0.0454545
614,0.555556,1,0.714286
615,0.317623,0.442225,0.369708
616,0.169412,0.900356,0.285167
617,0.000343997,1,0.000687758
618,0.563275,0.774744,0.652299
619,0.159601,1,0.275269
620,0.245459,0.478469,0.324465
621,0.42,0.477273,0.446809
622,0.352723,0.552326,0.430514
623,0.208597,0.306691,0.248307
624,0.377301,0.452206,0.411371
625,0.496475,0.569284,0.530393
626,0.488636,0.477778,0.483146
627,0.331479,0.637615,0.436192
628,0.271666,0.515152,0.355734
629,0.47482,0.605505,0.532258
630,0.614679,0.950355,0.746518
631,0.339535,1,0.506944
632,0.546595,0.578748,0.562212
633,0.528846,0.652542,0.584219
634,0.537572,0.501348,0.518828
635,0.314318,0.618943,0.416914
636,0.443526,0.38379,0.411502
637,0.597561,0.379845,0.464455
638,0.484043,0.514124,0.49863
639,0.406276,0.587112,0.480234
640,0.1,0.256705,0.143931
641,0.322721,0.484783,0.387489
642,0.426667,0.744186,0.542373
643,0.394027,0.710069,0.506815
644,0.290795,0.535645,0.376949
645,0.379227,0.640816,0.47648
646,0.72619,0.859155,0.787097
647,0.390855,0.759312,0.516066
648,0.709845,0.875399,0.783977
649,0.343348,0.337553,0.340426
650,0.381733,0.810945,0.519108
651,0.376045,0.592105,0.459966
652,0.518403,0.57069,0.543291
653,0.631579,0.965517,0.763636
654,0.477387,0.88785,0.620915
655,0.703704,0.35625,0.473029
656,0.201493,1,0.335404
657,0.306748,0.787402,0.441501
658,0.402198,0.376543,0.388948
659,0.389134,0.697368,0.499529
660,0.350943,0.701887,0.467925
661,0.275,0.526946,0.361396
662,0.161889,0.950495,0.276657
663,0.238994,0.282528,0.258944
664,0.522959,0.539474,0.531088
665,0.325517,0.588529,0.419183
666,0.615819,0.819549,0.703226
667,0.37037,0.838323,0.513761
668,0.444444,0.697248,0.542857
669,0.109164,0.455056,0.176087
670,0.402863,0.686411,0.507732
671,0.433476,0.63125,0.513995
672,0.46124,0.757962,0.573494
673,0.099636,0.493243,0.165783
674,0.414062,0.414062,0.414062
675,0.589091,0.910112,0.715232
676,0.58022,0.717391,0.641555
677,0.397025,0.560582,0.464836
678,0.300894,0.446526,0.359522
679,0.647458,0.448357,0.52982
680,0.251841,0.436224,0.319328
681,0.222509,0.346167,0.270893
682,0.240372,0.297534,0.265916
683,0.0915438,0.95935,0.167139
684,0.477974,0.618234,0.53913
685,0.353374,0.396694,0.373783
686,0.888889,0.8,0.842105
687,0.328605,0.583543,0.420448
688,0.363914,0.467583,0.409286
689,0.371773,0.467532,0.41419
690,0.510204,0.572519,0.539568
691,0.497006,0.598198,0.542927
692,0.34728,0.481159,0.403402
693,0.315068,0.958333,0.474227
694,0.336257,0.534884,0.412926
695,0.000275577,1,0.000551002
696,0.427752,0.38789,0.406847
697,0.652687,0.725948,0.687371
698,0.175347,0.980583,0.297496
699,0.307018,0.396226,0.345964
700,0.469256,0.539033,0.50173
701,0.291248,0.995098,0.45061
702,0.15896,0.714286,0.260047
703,0.181818,0.986301,0.307036
704,0.24744,0.895062,0.387701
705,0.362319,0.228311,0.280112
706,0.303534,0.657658,0.415363
707,0.516216,0.52982,0.52293
708,0.269006,0.582278,0.368
709,0.273183,0.159357,0.201293
710,0.38535,0.975806,0.552511
711,0.0847072,0.470032,0.143545
712,0.0945008,0.490305,0.15846
713,0.575251,0.625455,0.599303
714,0.721429,0.716312,0.718861
715,0.234498,0.675325,0.348117
716,0.485714,0.275304,0.351421
717,0.214477,0.222222,0.218281
718,0.431728,0.540426,0.48
719,0.0868744,0.513966,0.148627
720,0.351375,0.485172,0.407573
721,0.57377,0.322581,0.412979
722,0.384106,0.60312,0.469319
723,0.722892,0.316344,0.440098
724,0.296512,0.953271,0.452328
725,0.0828571,0.16763,0.110899
726,0.150613,0.390909,0.217446
727,0.056325,1,0.106643
728,0.114486,0.942308,0.204167
729,0.191105,0.407407,0.26017
730,0.494382,0.923077,0.643902
731,0.345154,0.242928,0.285156
732,0.118205,0.535156,0.19364
733,0.429185,0.75188,0.546448
734,0.690171,0.675732,0.682875
735,0.156863,0.702703,0.256473
736,0.151111,0.666667,0.246377
737,0.108434,1,0.195652
738,0.316583,0.148585,0.202247
739,0.446078,0.758333,0.561728
740,0.395738,0.575221,0.468891
741,0.613014,0.670412,0.640429
742,0.181818,0.909091,0.30303
743,0.0430108,0.983607,0.0824176
744,0.503419,0.356106,0.417139
745,0.532764,0.708333,0.60813
746,0.079661,1,0.147567
747,0.412043,0.591525,0.485734
748,0.613497,0.746269,0.673401
749,0.603865,0.856164,0.708215
750,0.128079,1,0.227074
751,0.414956,0.786111,0.543186
752,0.171756,0.918367,0.289389
753,0.169415,0.300532,0.216683
754,0.752941,0.589862,0.661499
755,0.478006,0.871658,0.617424
756,0.380228,0.537634,0.445434
757,0.49763,0.206287,0.291667
758,0.409972,0.736318,0.52669
759,0.234252,0.782895,0.360606
760,0.37551,0.397408,0.386149
761,0.389796,0.440092,0.41342
762,0.367442,0.182448,0.243827
763,0.21322,0.574713,0.311042
764,0.490463,0.833333,0.617496
765,0.381443,0.435294,0.406593
766,0.518847,0.89313,0.656381
767,0.461197,0.449244,0.455142
768,0.228381,0.936364,0.367201
769,0.150507,0.329114,0.206554
770,0.621849,0.284615,0.390501
771,0.159265,0.981132,0.274045
772,0.515228,0.525,0.520068
773,0.517483,0.587302,0.550186
774,0.280999,0.793451,0.41502
775,0.41573,0.253425,0.314894
776,0.541667,0.585209,0.562597
777,0.42973,0.307544,0.358512
778,0.548387,0.294231,0.382979
779,0.857143,1,0.923077
780,0.187902,0.843931,0.307368
781,0.163611,0.417266,0.235056
782,0.115124,1,0.206478
783,0.313183,0.666667,0.426165
784,0.357724,0.619718,0.453608
785,0.114105,0.244068,0.155508
786,0.54955,0.877698,0.6759
787,0.29646,0.489051,0.369146
788,0.619217,0.314079,0.416766
789,0.212219,1,0.350133
790,0.571547,0.663785,0.614222
791,0.0845384,1,0.155897
792,0.327465,0.298077,0.312081
793,0.415,0.838384,0.555184
794,0.443878,0.359504,0.39726
795,0.588235,0.716981,0.646259
796,0.126106,0.179245,0.148052
797,0.713439,0.935233,0.809417
798,0.427984,0.386617,0.40625
799,0.573544,0.738247,0.645556
800,0.335505,0.453744,0.385768
801,0.380883,0.374911,0.377874
802,0.657895,0.441176,0.528169
803,0.178404,0.419426,0.250329
804,0.545455,0.765101,0.636872
805,0.425267,0.717718,0.534078
806,0.581741,0.595005,0.588298
807,0.305419,0.590476,0.402597
808,0.274286,0.215973,0.241661
809,0.768421,0.603306,0.675926
810,0.464853,0.280055,0.349531
811,0.230769,0.254427,0.242021
812,0.494898,0.803313,0.61247
813,0.166667,0.886179,0.280566
814,0.179463,0.757812,0.290202
815,0.636943,0.613497,0.625
816,0.433048,0.556777,0.487179
817,0.420124,0.673267,0.517391
818,0.623656,0.783784,0.694611
819,0.502439,0.880342,0.639752
820,0.468571,0.752294,0.577465
821,0.444795,0.62183,0.518621
822,0.323194,0.653846,0.43257
823,0.42603,0.628453,0.507813
824,0.185879,0.484962,0.26875
825,0.341889,0.621269,0.44106
826,0.8375,0.77907,0.807229
827,0.104593,0.542,0.175348
828,0.211765,0.972973,0.347826
829,0.209101,0.493606,0.29376
830,0.53271,0.95,0.682635
831,0.461538,0.794118,0.583784
832,0.670455,0.508621,0.578431
833,0.30479,0.619469,0.40856
834,0.485294,0.195266,0.278481
835,0.589474,0.875,0.704403
836,0.341151,0.533333,0.416125
837,0.291228,0.575058,0.386646
838,0.438298,0.497585,0.466063
839,0.115625,0.961039,0.206416
840,0.377229,0.582627,0.457952
841,0.364,0.631944,0.461929
842,0.210811,0.349776,0.263069
843,0.528,0.39521,0.452055
844,0.182116,0.504532,0.267628
845,0.0366534,0.884615,0.0703902
846,0.356322,0.695067,0.471125
847,0.524138,0.873563,0.655172
848,0.153818,0.425982,0.226022
849,0.0625,0.953271,0.117309
850,0.131894,0.647059,0.219124
851,0.20087,0.699495,0.312113
852,0.495935,0.897059,0.638743
853,0.160707,0.406091,0.230282
854,0.261682,0.7,0.380952
855,0.655431,0.784753,0.714286
856,0.265041,0.221467,0.241303
857,0.526316,0.291971,0.375587
858,0.326252,0.808271,0.464865
859,0.0679522,1,0.127257
860,0.409836,0.618812,0.493097
861,0.44433,0.316446,0.36964
862,0.658537,0.637795,0.648
863,0.2589,0.963855,0.408163
864,0.477876,0.594495,0.529845
865,0.0890585,0.913043,0.162287
866,0.134371,0.798319,0.230024
867,0.329577,0.346154,0.337662
868,0.432602,0.811765,0.564417
869,0.192399,0.964286,0.320792
870,0.137809,0.481481,0.214286
871,0.666667,0.893617,0.763636
872,0.477273,0.763636,0.587413
873,0.469697,0.331551,0.388715
874,0.292948,0.47093,0.361204
875,0.713178,0.893204,0.793103
876,0.325424,0.463395,0.382343
877,0.33411,0.541562,0.413263
878,0.228448,0.40458,0.292011
879,0.0914676,0.978102,0.167291
880,0.7,0.84,0.763636
881,0.519814,0.917695,0.66369
882,0.328467,0.490463,0.393443
883,0.442661,0.498708,0.469016
884,0.604651,0.866667,0.712329
885,0.516667,0.861111,0.645833
886,0.427184,0.721311,0.536585
887,0.514776,0.352711,0.418605
888,0.489418,0.89372,0.632479
889,0.558442,0.472527,0.511905
890,0.452555,0.27193,0.339726
891,0.279026,0.863768,0.421798
892,0.4631,0.536325,0.49703
893,0.409449,0.722222,0.522613
894,0.51811,0.828715,0.637597
895,0.397661,0.268775,0.320755
896,0.207317,0.761194,0.325879
897,0.352941,0.481752,0.407407
898,0.537634,0.290698,0.377358
899,0.604341,0.648746,0.625756
900,0.349296,0.587678,0.438163
901,0.230769,0.301115,0.26129
902,0.383648,0.207248,0.269118
903,0.510684,0.625654,0.562353
904,0.598291,0.518519,0.555556
905,0.090106,0.980769,0.165049
906,0.120991,0.449864,0.190695
907,0.304144,0.389119,0.341424
908,0.65812,0.762376,0.706422
909,0.320082,0.315895,0.317975
910,0.434483,0.159898,0.233766
911,0.536585,0.956522,0.6875
912,0.000477008,1,0.000953562
913,0.383871,0.66729,0.487372
914,0.198966,0.562044,0.293893
915,0.526596,0.417722,0.465882
916,0.408333,0.685315,0.511749
917,0.47557,0.493243,0.484245
918,0.401869,0.803738,0.535826
919,0.118667,0.425837,0.18561
920,0.608696,0.815534,0.697095
921,0.0703259,0.594203,0.125767
922,0.519548,0.683429,0.590326
923,0.413043,0.904762,0.567164
924,0.396088,0.80198,0.530278
925,0.452122,0.679525,0.542976
926,0.250681,0.884615,0.390658
927,0.548843,0.617945,0.581348
928,0.519864,0.823741,0.637439
929,0.0968188,0.985915,0.176322
930,0.466942,0.491304,0.478814
931,0.372973,0.205357,0.264875
932,0.357143,0.918367,0.514286
933,0.353503,0.847328,0.498876
934,0.347651,0.488679,0.406275
935,0.491176,0.271545,0.349738
936,0.671233,0.790323,0.725926
937,0.22658,0.417671,0.293785
938,0.188679,0.228311,0.206612
939,0.526882,0.106061,0.176577
940,0.473871,0.529441,0.500117
941,0.117063,0.299492,0.168331
942,0.334177,0.391691,0.360656
943,0.391618,0.457187,0.421869
944,0.813953,0.688525,0.746004
945,0.514286,0.242152,0.329268
946,0.468182,0.591954,0.522843
947,0.666667,0.861789,0.751773
948,0.281787,0.479532,0.354978
949,0.606343,0.620229,0.613208
950,0.293605,0.990196,0.452915
951,0.543478,0.652985,0.59322
952,0.269982,0.387755,0.318325
953,0.509615,0.517073,0.513317
954,0.435185,0.877333,0.581786
955,0.306569,0.446809,0.363636
956,0.559701,0.53286,0.545951
957,0.677778,0.677778,0.677778
958,0.220665,0.410423,0.287016
959,0.16763,0.460317,0.245763
960,0.121608,0.199013,0.150967
961,0.523316,0.391473,0.447894
962,0.353846,0.359375,0.356589
963,0.806452,0.943396,0.869565
964,0.125448,1,0.22293
965,0.24552,0.913333,0.387006
966,0.602273,0.552083,0.576087
967,0.238182,0.385294,0.294382
968,0.442029,0.14878,0.222628
969,0.398641,0.470067,0.431418
970,0.3,1,0.461538
971,0.157343,0.640244,0.252606
972,0.61165,0.364162,0.456522
973,0.226636,0.318033,0.264666
974,0.162304,0.601942,0.25567
975,0.471167,0.788235,0.589789
976,0.163399,0.321888,0.216763
977,0.353211,0.810526,0.492013
978,0.000407864,1,0.000815395
979,0.198113,0.588785,0.296471
980,0.178841,0.855422,0.295833
981,0.481481,0.17931,0.261307
982,0.503497,0.55814,0.529412
983,0.260274,0.160112,0.198261
984,0.190698,0.854167,0.311787
985,0.226619,0.75,0.348066
986,0.57464,0.647416,0.608861
987,0.601418,0.724786,0.657364
988,0.292763,0.462338,0.35851
989,0.261049,0.593637,0.362633
990,0.131045,0.352941,0.191126
991,0.539216,0.406404,0.463483
992,0.73913,0.876289,0.801887
993,0.409756,0.528302,0.461538
994,0.195122,0.316384,0.241379
995,0.188742,0.372549,0.250549
996,0.0397083,1,0.0763835
997,0.538043,0.575581,0.55618
998,0.138539,0.700637,0.231335
999,0.472554,0.522427,0.496241
1000,0.26699,0.873016,0.408922
1001,0.464602,0.30086,0.365217
1002,0.504425,0.695122,0.584615
1003,0.000247678,1,0.000495233
1004,0.337209,0.176113,0.231383
1005,0.275862,0.733333,0.400911
1006,0.75,1,0.857143
1007,0.207536,0.347695,0.259925
1008,0.289412,0.580189,0.386185
1009,0.758621,0.890173,0.819149
1010,0.398515,0.507886,0.446602
1011,0.508097,0.732847,0.60012
1012,0.26087,0.849558,0.399168
1013,0.212435,0.759259,0.331984
1014,0.627706,0.486577,0.548204
1015,0.206349,0.981132,0.340984
1016,0.382114,0.188755,0.252688
1017,0.452067,0.849587,0.590126
1018,0.370444,0.645497,0.470737
1019,0.333333,0.474531,0.391593
1020,0.00691244,1,0.01373
1021,0.430548,0.434013,0.432274
1022,0.286127,0.585799,0.384466
1023,0.552178,0.812221,0.657419
1024,0.361111,1,0.530612
1025,0.410184,0.553435,0.471162
1026,0.312834,0.738947,0.439574
1027,0.385252,0.575281,0.461469
1028,0.0840999,0.876712,0.153477
1029,0.322382,0.819843,0.462786
1030,0.404255,0.111111,0.174312
1031,0.589796,0.56778,0.578579
1032,0.116379,1,0.208494
1033,0.435897,0.638831,0.518205
1034,0.618705,0.884319,0.728042
1035,0.419214,0.421053,0.420131
1036,0.46583,0.701681,0.559933
1037,0.455621,0.455621,0.455621
1038,0.181675,0.530565,0.270668
1039,0.63913,0.757732,0.693396
1040,0.473846,0.740385,0.577861
1041,0.520913,0.553535,0.536729
1042,0.346442,0.411111,0.376016
1043,0.600282,0.697865,0.645406
1044,0.345936,0.681564,0.458934
1045,0.637681,0.748936,0.688845
1046,0.224138,0.136126,0.169381
1047,0.691589,0.40884,0.513889
1048,0.441016,0.740854,0.552901
1049,0.580994,0.802985,0.674185
1050,0.300433,0.543036,0.386845
1051,0.605425,0.665312,0.633957
1052,0.560056,0.672819,0.61128
1053,0.348393,0.803607,0.486061
1054,0.485261,0.727891,0.582313
1055,0.394872,0.762376,0.52027
1056,0.525126,0.55291,0.53866
1057,0.141899,0.690217,0.235403
1058,0.633475,0.884615,0.738272
1059,0.618834,0.945205,0.747967
1060,0.259615,0.870968,0.4
1061,0.51816,0.460215,0.487472
1062,0.161702,0.690909,0.262069
1063,0.375242,0.902326,0.530055
1064,0.402439,0.528,0.456747
1065,0.610619,0.309417,0.410714
1066,0.158491,0.941704,0.271318
1067,0.30531,0.50365,0.380165
1068,0.502415,0.634146,0.560647
1069,0.503311,0.863636,0.635983
1070,0.589552,0.897727,0.711712
1071,0.506667,0.706977,0.590291
1072,0.504132,0.871429,0.638743
1073,0.111266,0.869565,0.197287
1074,0.836538,0.828571,0.832536
1075,0.472727,0.549296,0.508143
1076,0.214286,0.192661,0.202899
1077,0.392111,0.637736,0.485632
1078,0.23588,0.67619,0.349754
1079,0.317979,0.753521,0.447231
1080,0.548148,0.567775,0.557789
1081,0.583333,0.731343,0.649007
1082,0.410088,0.502688,0.451691
1083,0.116121,0.41048,0.18103
1084,0.478788,0.548611,0.511327
1085,0.655914,0.693182,0.674033
1086,0.535248,0.711806,0.611028
1087,0.635593,0.797872,0.707547
1088,0.266667,0.620896,0.373094
1089,0.000229867,1,0.000459629
1090,0.0911356,0.615385,0.15876
1091,0.366879,0.618026,0.460432
1092,0.195074,0.421277,0.266667
1093,0.349057,0.379487,0.363636
1094,0.166667,0.541667,0.254902
1095,0.227882,0.215736,0.221643
1096,0.0381944,1,0.0735786
1097,0.325318,0.582278,0.417423
1098,0.445141,0.356784,0.396095
1099,0.516624,0.511392,0.513995
1100,0.371795,0.473856,0.416667
1101,0.678733,0.934579,0.78637
1102,0.403955,0.899371,0.557505
1103,0.555,0.940678,0.698113
1104,0.559441,0.842105,0.672269
1105,0.513784,0.792526,0.623416
1106,0.504854,0.981132,0.666667
1107,0.445205,0.744986,0.557342
1108,0.420479,0.397119,0.408466
1109,0.125,0.367882,0.186597
1110,0.813559,0.510638,0.627451
1111,0.283113,0.904762,0.431274
1112,0.212727,0.217472,0.215074
1113,0.212121,0.35,0.264151
1114,0.433628,0.98,0.601227
1115,0.131922,1,0.233094
1116,0.33213,0.171642,0.226322
1117,0.180556,0.634146,0.281081
1118,0.266393,0.317073,0.289532
1119,0.432763,0.55836,0.487603
1120,0.366412,0.947368,0.52844
1121,0.142857,1,0.25
1122,0.678295,0.645756,0.661626
1123,0.42069,0.562212,0.481262
1124,0.625,0.769231,0.689655
1125,0.77907,0.587719,0.67
1126,0.627273,0.907895,0.741935
1127,0.588015,0.785,0.672377
1128,0.343137,0.57377,0.429448
1129,0.32107,0.518919,0.396694
1130,0.518868,0.714286,0.601093
1131,0.384906,0.728571,0.503704
1132,0.649485,0.759036,0.7
1133,0.489097,0.532203,0.50974
1134,0.701613,0.915789,0.794521
1135,0.286667,0.425743,0.342629
1136,0.509804,0.725581,0.598848
1137,0.370636,0.383333,0.376878
1138,0.310127,0.783105,0.444301
1139,0.604396,0.662651,0.632184
1140,0.406557,0.663102,0.504065
1141,0.125281,0.556667,0.204532
1142,0.544503,0.748201,0.630303
1143,0.6,0.0857143,0.15
1144,0.519263,0.731132,0.607248
1145,0.1317,0.193694,0.156791
1146,0.140584,0.262376,0.183074
1147,0.549505,0.75,0.634286
1148,0.29207,0.376559,0.328976
1149,0.541284,0.450382,0.491667
1150,0.391597,0.533181,0.45155
1151,0.701613,0.530488,0.604167
1152,0.583784,0.923077,0.715232
1153,0.121212,1,0.216216
1154,0.08981,0.981132,0.164557
1155,0.297959,0.829545,0.438438
1156,0.4,0.606742,0.482143
1157,0.585965,0.491176,0.5344
1158,0.640777,0.45993,0.535497
1159,0.438596,0.634518,0.518672
1160,0.0972763,0.19685,0.130208
1161,0.7,1,0.823529
1162,0.578313,0.736842,0.648023
1163,1,1,1
1164,1,1,1
1165,0.499022,0.64557,0.562914
1166,0.17284,0.833333,0.286299
1167,0.308668,0.481848,0.376289
1168,0.373556,0.47549,0.418404
1169,0.259103,0.621519,0.365736
1170,0.341538,0.47234,0.396429
1171,0.181269,1,0.306905
1172,0.270627,0.244411,0.256852
1173,0.678392,0.823171,0.743802
1174,0.195062,0.503185,0.281139
1175,0.461207,0.572193,0.51074
1176,0.113978,0.353333,0.172358
1177,0.284602,0.382114,0.326227
1178,0.38001,0.651304,0.479974
1179,0.175656,0.696532,0.280559
1180,0.432946,0.632716,0.514107
1181,0.150685,0.673469,0.246269
1182,0.617647,0.7,0.65625
1183,0.217803,0.471311,0.297927
1184,0.151515,0.57971,0.24024
1185,0.215116,0.276119,0.24183
1186,0.0922819,0.901639,0.167428
1187,0.205433,0.633508,0.310256
1188,0.401261,0.560117,0.467564
1189,0.522124,0.967213,0.678161
1190,0.228117,0.216625,0.222222
1191,0.409548,0.610487,0.490226
1192,0.473684,0.658537,0.55102
1193,0.547718,0.857143,0.668354
1194,0.352941,0.326531,0.339223
1195,0.5625,0.910112,0.695279
1196,0.477011,0.902174,0.62406
1197,0.350962,0.695238,0.466454
1198,0.343832,0.784431,0.478102
1199,0.0416667,1,0.08
1200,0.13956,0.370262,0.202713
1201,0.144391,0.200663,0.167939
1202,0.125,0.633166,0.208782
1203,0.171913,0.910256,0.289206
1204,0.33853,0.520548,0.410256
1205,0.157303,0.114754,0.132701
1206,0.670213,0.692308,0.681081
1207,0.249307,0.967742,0.396476
1208,0.126289,0.776771,0.217256
1209,0.696629,0.504065,0.584906
1210,0.164522,0.405896,0.23414
1211,0.14875,0.415358,0.219052
1212,0.1875,0.244565,0.212264
1213,0.375522,0.532544,0.440457
1214,0.0772818,0.391892,0.129104
1215,0.421907,0.447312,0.434238
1216,0.490683,0.66573,0.564958
1217,0.346535,0.133588,0.192837
1218,0.358553,0.303621,0.328808
1219,0.13769,0.392027,0.2038
1220,0.420635,0.156342,0.227957
1221,0.138053,0.161157,0.148713
1222,0.141667,0.196154,0.164516
1223,0.689441,0.680982,0.685185
1224,0.530233,0.838235,0.649573
1225,0.815603,0.751634,0.782313
1226,0.382979,0.972973,0.549618
1227,0.502415,0.541667,0.521303
1228,0.464583,0.596257,0.522248
1229,0.323155,0.762763,0.453977
1230,0.606481,0.5671,0.58613
1231,0.440678,0.629032,0.518272
1232,0.401639,0.707581,0.512418
1233,0.105023,1,0.190083
1234,0.460688,0.549853,0.501337
1235,0.172996,0.594203,0.267974
1236,0.160338,0.558824,0.24918
1237,0.657143,0.884615,0.754098
1238,0.420546,0.283857,0.338939
1239,0.723404,0.829268,0.772727
1240,0.4039,0.423977,0.413695
1241,0.158683,1,0.273902
1242,0.426667,0.137339,0.207792
1243,0.526786,0.771242,0.625995
1244,0.232416,1,0.377171
1245,0.638462,0.541775,0.586158
1246,0.401549,0.49455,0.443223
1247,0.362595,0.722433,0.482846
1248,0.403266,0.660494,0.50078
1249,0.475504,0.574913,0.520505
1250,0.342857,0.694737,0.45913
1251,0.503185,0.734884,0.597353
1252,0.5053,0.60084,0.548944
1253,0.559701,0.868726,0.680787
1254,0.615176,0.632312,0.623626
1255,0.581395,0.912921,0.710383
1256,0.453988,0.685185,0.546125
1257,0.494465,0.72043,0.586433
1258,0.384615,0.520833,0.442478
1259,0.457597,0.645885,0.535677
1260,0.702439,0.837209,0.763926
1261,0.222543,0.939024,0.359813
1262,0.560794,0.922449,0.697531
1263,0.321767,0.655949,0.431746
1264,0.125485,0.434978,0.194779
1265,0.164782,0.472222,0.244311
1266,0.29932,0.455959,0.361396
1267,0.523364,0.219178,0.308966
1268,0.918605,0.897727,0.908046
1269,0.461929,0.728,0.565217
1270,0.235405,0.932836,0.37594
1271,0.372385,0.675949,0.480216
1272,0.106487,0.611241,0.181376
1273,0.546185,0.834356,0.660194
1274,0.439636,0.586626,0.502604
1275,0.159958,0.719048,0.261698
1276,0.373333,0.152174,0.216216
1277,0.174721,0.912621,0.293292
1278,0.246094,0.466667,0.322251
1279,0.2,0.111969,0.143564
1280,0.1328,0.283276,0.180828
1281,0.243493,0.695444,0.360697
1282,0.373102,0.716667,0.490728
1283,0.619565,0.780822,0.690909
1284,0.000345036,1,0.000689834
1285,0.528571,0.152893,0.237179
1286,0.43514,0.728022,0.544707
1287,0.527273,0.669231,0.589831
1288,0.295853,0.593346,0.394834
1289,0.542857,0.548077,0.545455
1290,0.210918,0.833333,0.336634
1291,0.109195,1,0.196891
1292,0.423913,0.78,0.549296
1293,0.528384,0.517094,0.522678
1294,0.129412,0.370787,0.19186
1295,0.286145,0.725191,0.410367
1296,0.303167,0.736264,0.429487
1297,0.174074,0.839286,0.288344
1298,0.43083,0.260143,0.324405
1299,0.063786,0.873239,0.118888
1300,0.222222,0.912281,0.357388
1301,0.155172,0.210938,0.178808
1302,0.202899,0.949153,0.334328
1303,0.239631,0.83871,0.37276
1304,0.213663,0.506897,0.300613
1305,0.45,0.887324,0.597156
1306,0.283991,0.460036,0.351186
1307,0.497561,0.860759,0.630603
