id,precision,recall,f1
0,1,1,1
1,1,1,1
2,1,1,1
3,1,1,1
4,1,1,1
5,1,1,1
6,1,1,1
7,1,1,1
8,0.833333,1,0.909091
9,1,1,1
10,1,1,1
11,1,1,1
12,1,1,1
13,1,1,1
14,0.857143,1,0.923077
15,1,1,1
16,1,1,1
17,1,1,1
18,1,1,1
19,1,1,1
20,1,1,1
21,1,1,1
22,1,1,1
23,0.75,1,0.857143
24,0.875,1,0.933333
25,1,1,1
26,0.583333,1,0.736842
27,1,1,1
28,1,1,1
29,1,1,1
30,1,1,1
31,1,1,1
32,1,1,1
33,1,1,1
34,1,1,1
35,0.875,1,0.933333
36,1,1,1
37,1,1,1
38,0.857143,1,0.923077
39,1,1,1
40,0.888889,1,0.941176
41,1,1,1
42,1,1,1
43,1,1,1
44,1,1,1
45,0.875,1,0.933333
46,1,1,1
47,1,1,1
48,1,1,1
49,0.875,1,0.933333
50,0.888889,1,0.941176
51,1,1,1
52,1,1,1
53,0.888889,1,0.941176
54,1,1,1
55,0.777778,1,0.875
56,1,1,1
57,1,1,1
58,1,1,1
59,0.9,1,0.947368
60,0.8,1,0.888889
61,0.888889,1,0.941176
62,1,1,1
63,0.9,1,0.947368
64,1,1,1
65,1,1,1
66,1,1,1
67,0.333333,1,0.5
68,1,1,1
69,1,1,1
70,1,1,1
71,1,1,1
72,1,1,1
73,0.909091,1,0.952381
74,1,1,1
75,1,1,1
76,1,1,1
77,0.9,1,0.947368
78,1,1,1
79,1,1,1
80,1,1,1
81,1,1,1
82,0.909091,1,0.952381
83,1,1,1
84,1,1,1
85,1,1,1
86,1,1,1
87,1,1,1
88,0.888889,1,0.941176
89,1,1,1
90,1,1,1
91,0.909091,1,0.952381
92,1,1,1
93,1,1,1
94,1,1,1
95,1,1,1
96,1,1,1
97,0.916667,1,0.956522
98,1,0.875,0.933333
99,1,1,1
100,1,1,1
101,0.9,1,0.947368
102,1,1,1
103,0.923077,1,0.96
104,1,1,1
105,1,1,1
106,1,1,1
107,1,1,1
108,1,1,1
109,1,1,1
110,0.923077,1,0.96
111,0.923077,1,0.96
112,1,0.818182,0.9
113,1,1,1
114,0.923077,1,0.96
115,1,1,1
116,1,1,1
117,1,1,1
118,1,0.916667,0.956522
119,0.764706,1,0.866667
120,0.5,1,0.666667
121,0.928571,1,0.962963
122,1,1,1
123,0.764706,1,0.866667
124,1,1,1
125,1,1,1
126,1,1,1
127,1,0.777778,0.875
128,1,1,1
129,1,1,1
130,0.928571,1,0.962963
131,0.933333,1,0.965517
132,0.928571,1,0.962963
133,1,1,1
134,0.0422961,1,0.0811594
135,1,1,1
136,0.933333,1,0.965517
137,1,1,1
138,0.8125,1,0.896552
139,0.736842,1,0.848485
140,1,1,1
141,1,1,1
142,0.923077,1,0.96
143,1,0.928571,0.962963
144,1,1,1
145,0.875,1,0.933333
146,1,0.933333,0.965517
147,1,1,1
148,1,1,1
149,1,1,1
150,0.75,1,0.857143
151,0.9375,1,0.967742
152,0.923077,1,0.96
153,1,1,1
154,1,1,1
155,0.9375,1,0.967742
156,1,1,1
157,1,1,1
158,0.888889,1,0.941176
159,0.0490798,1,0.0935673
160,1,1,1
161,1,1,1
162,1,1,1
163,0.410256,1,0.581818
164,0.761905,1,0.864865
165,1,1,1
166,0.761905,1,0.864865
167,0.357143,1,0.526316
168,0.5,1,0.666667
169,1,1,1
170,0.653846,1,0.790698
171,1,0.941176,0.969697
172,0.772727,1,0.871795
173,1,1,1
174,0.777778,1,0.875
175,1,1,1
176,1,0.941176,0.969697
177,0.916667,1,0.956522
178,1,1,1
179,0.607143,1,0.755556
180,0.846154,0.611111,0.709677
181,1,1,1
182,0.666667,1,0.8
183,1,1,1
184,0.9,1,0.947368
185,0.8,1,0.888889
186,0.695652,1,0.820513
187,0.947368,1,0.972973
188,1,1,1
189,1,1,1
190,1,1,1
191,1,0.8,0.888889
192,0.612903,1,0.76
193,1,1,1
194,0.642857,1,0.782609
195,1,1,1
196,0.8,1,0.888889
197,1,1,1
198,0.941176,1,0.969697
199,1,1,1
200,1,0.947368,0.972973
201,0.888889,1,0.941176
202,0.909091,1,0.952381
203,0.944444,1,0.971429
204,1,1,1
205,1,1,1
206,1,0.928571,0.962963
207,1,0.823529,0.903226
208,1,1,1
209,0.8,1,0.888889
210,1,0.9375,0.967742
211,0.95,1,0.974359
212,1,1,1
213,1,1,1
214,0.947368,1,0.972973
215,0.153846,1,0.266667
216,1,1,1
217,1,1,1
218,1,0.916667,0.956522
219,0.0625,1,0.117647
220,1,1,1
221,1,1,1
222,0.9375,1,0.967742
223,0.952381,1,0.97561
224,1,1,1
225,0.947368,1,0.972973
226,0.7,1,0.823529
227,1,1,1
228,0.9,1,0.947368
229,0.827586,1,0.90566
230,0.833333,1,0.909091
231,1,1,1
232,0.952381,1,0.97561
233,0.531915,1,0.694444
234,0.9375,1,0.967742
235,0.612903,0.95,0.745098
236,1,1,1
237,1,1,1
238,1,1,1
239,1,0.666667,0.8
240,1,0.909091,0.952381
241,0.575758,1,0.730769
242,0.962963,1,0.981132
243,0.96,1,0.979592
244,1,1,1
245,0.958333,1,0.978723
246,0.961538,0.961538,0.961538
247,1,1,1
248,0.961538,1,0.980392
249,0.928571,1,0.962963
250,0.961538,1,0.980392
251,1,0.740741,0.851064
252,0.621622,1,0.766667
253,1,1,1
254,0.941176,0.727273,0.820513
255,0.952381,0.909091,0.930233
256,1,1,1
257,0.888889,1,0.941176
258,1,1,1
259,0.875,1,0.933333
260,0.956522,0.956522,0.956522
261,1,1,1
262,0.964286,1,0.981818
263,0.857143,1,0.923077
264,1,1,1
265,1,0.533333,0.695652
266,0.265306,0.962963,0.416
267,0.933333,1,0.965517
268,1,1,1
269,0.962963,0.962963,0.962963
270,1,1,1
271,0.204082,1,0.338983
272,0.958333,0.884615,0.92
273,1,0.666667,0.8
274,0.432836,0.966667,0.597938
275,1,1,1
276,1,1,1
277,1,1,1
278,0.939394,1,0.96875
279,1,0.875,0.933333
280,0.941176,0.941176,0.941176
281,0.909091,1,0.952381
282,1,1,1
283,0.852941,1,0.920635
284,1,0.888889,0.941176
285,1,0.777778,0.875
286,0.965517,1,0.982456
287,1,1,1
288,0.594595,1,0.745763
289,0.95,1,0.974359
290,0.829268,1,0.906667
291,0.711111,1,0.831169
292,0.969697,0.969697,0.969697
293,1,1,1
294,1,0.903226,0.949153
295,0.970588,1,0.985075
296,1,1,1
297,0.257812,1,0.409938
298,0.175325,0.964286,0.296703
299,0.942857,1,0.970588
300,0.8,0.888889,0.842105
301,0.928571,1,0.962963
302,1,1,1
303,0.923077,1,0.96
304,1,1,1
305,0.423077,1,0.594595
306,0.956522,1,0.977778
307,0.96,0.685714,0.8
308,0.6875,1,0.814815
309,1,0.666667,0.8
310,0.44898,1,0.619718
311,1,0.709677,0.830189
312,0.9,1,0.947368
313,1,0.5,0.666667
314,0.958333,0.638889,0.766667
315,1,0.833333,0.909091
316,0.857143,1,0.923077
317,0.973684,1,0.986667
318,0.970588,1,0.985075
319,0.958333,0.605263,0.741935
320,1,1,1
321,0.868421,0.916667,0.891892
322,0.973684,0.860465,0.91358
323,0.771429,1,0.870968
324,1,1,1
325,1,1,1
326,1,1,1
327,1,1,1
328,0.75,1,0.857143
329,0.733333,1,0.846154
330,1,0.694444,0.819672
331,0.894737,0.772727,0.829268
332,0.427273,1,0.598726
333,1,1,1
334,1,0.857143,0.923077
335,1,0.37037,0.540541
336,1,0.738095,0.849315
337,0.979167,1,0.989474
338,1,0.820513,0.901408
339,1,1,1
340,0.914894,0.977273,0.945055
341,0.877551,0.955556,0.914894
342,0.954545,0.933333,0.94382
343,0.921053,0.777778,0.843373
344,0.833333,1,0.909091
345,1,1,1
346,0.875,1,0.933333
347,1,0.692308,0.818182
348,1,1,1
349,1,0.928571,0.962963
350,0.978261,1,0.989011
351,1,1,1
352,0.683333,1,0.811881
353,0.97619,1,0.987952
354,1,1,1
355,1,1,1
356,1,1,1
357,0.833333,1,0.909091
358,1,1,1
359,0.897959,0.956522,0.926316
360,0.916667,0.956522,0.93617
361,0.647059,1,0.785714
362,1,1,1
363,0.961538,1,0.980392
364,0.733333,0.66,0.694737
365,0.958333,0.958333,0.958333
366,1,1,1
367,1,1,1
368,1,0.928571,0.962963
369,1,1,1
370,0.932203,1,0.964912
371,0.777778,0.673077,0.721649
372,0.983333,0.967213,0.975207
373,1,1,1
374,1,1,1
375,1,1,1
376,0.3125,1,0.47619
377,0.933333,0.823529,0.875
378,1,1,1
379,1,0.969697,0.984615
380,1,1,1
381,1,0.625,0.769231
382,0.938776,0.901961,0.92
383,1,1,1
384,1,1,1
385,0.2,1,0.333333
386,1,1,1
387,1,1,1
388,1,1,1
389,0.96875,0.5,0.659574
390,1,1,1
391,0.833333,1,0.909091
392,0.970588,1,0.985075
393,0.90411,1,0.94964
394,1,1,1
395,1,1,1
396,1,1,1
397,0.857143,1,0.923077
398,1,1,1
399,0.909091,1,0.952381
400,0.875,1,0.933333
401,1,1,1
402,0.929577,0.90411,0.916667
403,0.943662,0.905405,0.924138
404,0.452703,0.957143,0.614679
405,0.945205,0.971831,0.958333
406,0.923077,1,0.96
407,0.833333,0.925926,0.877193
408,0.857143,1,0.923077
409,1,0.888889,0.941176
410,0.958904,0.972222,0.965517
411,1,1,1
412,0.642857,1,0.782609
413,0.783333,1,0.878505
414,0.94,0.783333,0.854545
415,1,0.5,0.666667
416,1,1,1
417,1,0.933333,0.965517
418,1,0.4375,0.608696
419,0.947368,0.86747,0.90566
420,0.925926,0.961538,0.943396
421,1,1,1
422,1,1,1
423,0.972603,1,0.986111
424,1,1,1
425,1,1,1
426,1,1,1
427,1,1,1
428,1,1,1
429,0.989247,0.978723,0.983957
430,1,0.8,0.888889
431,1,1,1
432,1,1,1
433,0.8,1,0.888889
434,1,0.9,0.947368
435,1,1,1
436,0.666667,1,0.8
437,1,1,1
438,1,1,1
439,0.9,1,0.947368
440,1,1,1
441,1,1,1
442,1,1,1
443,0.947368,0.989011,0.967742
444,0.916667,1,0.956522
445,0.888889,1,0.941176
446,1,0.766667,0.867925
447,1,1,1
448,1,1,1
449,1,1,1
450,0.857143,1,0.923077
451,1,1,1
452,0.948718,0.632479,0.758974
453,1,1,1
454,0.916667,1,0.956522
455,0.939394,0.673913,0.78481
456,1,1,1
457,1,1,1
458,0.857143,1,0.923077
459,1,1,1
460,1,1,1
461,0.9,1,0.947368
462,1,1,1
463,0.75,1,0.857143
464,1,1,1
465,1,1,1
466,1,1,1
467,1,1,1
468,0.916667,0.445946,0.6
469,1,1,1
470,1,1,1
471,1,1,1
472,1,1,1
473,0.928571,1,0.962963
474,1,1,1
475,0.934426,0.548077,0.690909
476,1,0.695652,0.820513
477,1,0.833333,0.909091
478,1,1,1
479,1,1,1
480,1,0.536585,0.698413
481,1,1,1
482,1,1,1
483,1,1,1
484,1,1,1
485,1,0.539823,0.701149
486,0.973451,0.797101,0.876494
487,1,1,1
488,0.923077,1,0.96
489,1,0.8,0.888889
490,1,1,1
491,1,1,1
492,1,1,1
493,1,1,1
494,1,1,1
495,1,0.607143,0.755556
496,1,1,1
497,1,0.685714,0.813559
498,0.764706,1,0.866667
499,0.875,1,0.933333
500,0.909091,1,0.952381
501,0.882353,0.535714,0.666667
502,1,0.9,0.947368
503,0.888889,1,0.941176
504,1,0.96,0.979592
505,1,1,1
506,1,1,1
507,1,1,1
508,0.857143,1,0.923077
509,1,1,1
510,1,1,1
511,0.432836,1,0.604167
512,0.818182,1,0.9
513,0.857143,1,0.923077
514,0.9,1,0.947368
515,1,0.9375,0.967742
516,1,1,1
517,1,1,1
518,0.857143,1,0.923077
519,1,1,1
520,1,1,1
521,1,0.912281,0.954128
522,0.857143,1,0.923077
523,1,1,1
524,0.846154,1,0.916667
525,1,1,1
526,0.71,0.78022,0.743455
527,1,1,1
528,1,1,1
529,1,1,1
530,0.941176,0.533333,0.680851
531,1,1,1
532,1,1,1
533,1,0.909091,0.952381
534,1,1,1
535,1,1,1
536,1,1,1
537,1,1,1
538,1,1,1
539,0.94,0.789916,0.858447
540,1,0.888889,0.941176
541,1,1,1
542,1,0.538462,0.7
543,1,1,1
544,1,1,1
545,0.939394,0.607843,0.738095
546,1,1,1
547,0.913043,1,0.954545
548,1,1,1
549,0.928571,1,0.962963
550,1,1,1
551,0.96875,0.344444,0.508197
552,1,0.979167,0.989474
553,1,1,1
554,1,1,1
555,1,1,1
556,1,1,1
557,1,1,1
558,0.894737,1,0.944444
559,0.972973,0.818182,0.888889
560,1,1,1
561,1,1,1
562,0.954545,0.617647,0.75
563,1,0.555556,0.714286
564,1,0.857143,0.923077
565,1,1,1
566,0.961538,1,0.980392
567,0.891304,1,0.942529
568,0.947368,0.782609,0.857143
569,0.6,1,0.75
570,0.85,0.548387,0.666667
571,1,1,1
572,1,1,1
573,0.909091,1,0.952381
574,0.947368,1,0.972973
575,1,1,1
576,0.341463,1,0.509091
577,1,1,1
578,0.7,1,0.823529
579,1,1,1
580,1,1,1
581,0.916667,1,0.956522
582,1,0.538462,0.7
583,1,1,1
584,1,1,1
585,1,1,1
586,1,0.673913,0.805195
587,1,1,1
588,1,0.424242,0.595745
589,1,1,1
590,1,1,1
591,1,1,1
592,1,1,1
593,0.9375,0.833333,0.882353
594,1,1,1
595,0.897436,1,0.945946
596,1,1,1
597,0.028125,1,0.0547112
598,1,1,1
599,0.962963,0.764706,0.852459
600,0.857143,1,0.923077
601,1,1,1
602,0.75,1,0.857143
603,1,1,1
604,0.818182,1,0.9
605,1,1,1
606,1,1,1
607,1,1,1
608,0.923077,1,0.96
609,1,1,1
610,0.888889,1,0.941176
611,1,1,1
612,0.9,1,0.947368
613,1,1,1
614,1,1,1
615,1,1,1
616,0.875,1,0.933333
617,1,1,1
618,1,0.636364,0.777778
619,1,0.823529,0.903226
620,0.785714,1,0.88
621,0.933333,0.903226,0.918033
622,0.95,0.612903,0.745098
623,1,1,1
624,1,1,1
625,1,1,1
626,1,1,1
627,0.952381,0.952381,0.952381
628,1,1,1
629,1,1,1
630,0.916667,0.916667,0.916667
631,1,1,1
632,1,0.944444,0.971429
633,0.809524,1,0.894737
634,1,1,1
635,1,1,1
636,0.95,0.558824,0.703704
637,1,1,1
638,1,1,1
639,0.689655,1,0.816327
640,0.666667,1,0.8
641,1,1,1
642,1,1,1
643,1,0.705882,0.827586
644,1,1,1
645,1,1,1
646,1,0.888889,0.941176
647,1,1,1
648,0.913043,1,0.954545
649,1,1,1
650,1,1,1
651,1,1,1
652,0.75,1,0.857143
653,0.958333,0.589744,0.730159
654,1,1,1
655,0.75,1,0.857143
656,1,1,1
657,0.961538,1,0.980392
658,1,1,1
659,0.9,1,0.947368
660,1,1,1
661,0.884615,0.92,0.901961
662,1,1,1
663,0.823529,1,0.903226
664,1,1,1
665,1,1,1
666,1,1,1
667,1,1,1
668,0.75,1,0.857143
669,1,1,1
670,1,1,1
671,0.909091,1,0.952381
672,0.833333,1,0.909091
673,1,1,1
674,0.857143,1,0.923077
675,1,1,1
676,1,1,1
677,1,0.4,0.571429
678,1,1,1
679,0.888889,1,0.941176
680,0.666667,1,0.8
681,1,1,1
682,1,1,1
683,0.967742,0.967742,0.967742
684,1,1,1
685,1,1,1
686,1,1,1
687,1,0.566667,0.723404
688,0.962963,0.962963,0.962963
689,1,1,1
690,1,1,1
691,1,1,1
692,1,0.941176,0.969697
693,1,1,1
694,0.952381,1,0.97561
695,1,1,1
696,0.909091,1,0.952381
697,1,0.615385,0.761905
698,1,1,1
699,1,1,1
700,1,1,1
701,0.888889,1,0.941176
702,1,1,1
703,1,1,1
704,1,1,1
705,1,1,1
706,1,1,1
707,0.9375,1,0.967742
708,1,1,1
709,0.526316,1,0.689655
710,1,1,1
711,1,0.631579,0.774194
712,1,1,1
713,1,1,1
714,1,1,1
715,1,1,1
716,0.947368,1,0.972973
717,1,1,1
718,1,0.857143,0.923077
719,0.941176,1,0.969697
720,0.909091,1,0.952381
721,1,1,1
722,1,1,1
723,0.136364,1,0.24
724,1,1,1
725,1,1,1
726,1,1,1
727,0.833333,1,0.909091
728,1,1,1
729,1,0.416667,0.588235
730,1,1,1
731,0.818182,1,0.9
732,1,1,1
733,0.769231,1,0.869565
734,0.875,1,0.933333
735,1,1,1
736,1,1,1
737,1,1,1
738,0.911765,1,0.953846
739,1,0.791667,0.883721
740,0.730769,1,0.844444
741,1,1,1
742,1,1,1
743,1,0.515152,0.68
744,1,1,1
745,1,1,1
746,0.923077,0.972973,0.947368
747,1,1,1
748,1,0.666667,0.8
749,1,1,1
750,0.473684,0.666667,0.553846
751,0.809524,1,0.894737
752,0.333333,1,0.5
753,1,1,1
754,0.875,1,0.933333
755,1,0.85,0.918919
756,1,0.5,0.666667
757,1,1,1
758,1,0.625,0.769231
759,1,0.971429,0.985507
760,0.928571,1,0.962963
761,0.9,1,0.947368
762,0.9,1,0.947368
763,1,1,1
764,1,1,1
765,1,0.5,0.666667
766,1,0.833333,0.909091
767,0.7,1,0.823529
768,1,1,1
769,0.833333,1,0.909091
770,1,1,1
771,1,1,1
772,1,0.928571,0.962963
773,1,0.909091,0.952381
774,1,1,1
775,0.818182,1,0.9
776,1,0.857143,0.923077
777,1,1,1
778,1,1,1
779,1,1,1
780,1,1,1
781,1,1,1
782,1,1,1
783,0.962963,1,0.981132
784,1,0.611111,0.758621
785,1,0.9375,0.967742
786,0.857143,1,0.923077
787,1,0.545455,0.705882
788,1,1,1
789,0.857143,1,0.923077
790,1,1,1
791,1,1,1
792,1,1,1
793,0.944444,1,0.971429
794,1,1,1
795,1,0.73913,0.85
796,0.777778,0.736842,0.756757
797,1,1,1
798,0.857143,1,0.923077
799,0.823529,1,0.903226
800,0.9,1,0.947368
801,1,1,1
802,1,0.666667,0.8
803,0.96875,1,0.984127
804,0.875,1,0.933333
805,1,1,1
806,0.693878,1,0.819277
807,1,1,1
808,1,1,1
809,1,1,1
810,1,1,1
811,1,1,1
812,1,1,1
813,1,1,1
814,1,1,1
815,1,1,1
816,0.736842,1,0.848485
817,1,1,1
818,0.9375,1,0.967742
819,1,1,1
820,0.929825,0.913793,0.921739
821,1,1,1
822,1,1,1
823,0.918367,0.957447,0.9375
824,0.934783,1,0.966292
825,0.962963,0.702703,0.8125
826,0.6,1,0.75
827,1,1,1
828,1,1,1
829,0.857143,1,0.923077
830,1,1,1
831,0.962963,1,0.981132
832,0.615385,1,0.761905
833,1,1,1
834,0.857143,1,0.923077
835,1,1,1
836,1,1,1
837,1,1,1
838,0.666667,1,0.8
839,1,1,1
840,0.447761,0.967742,0.612245
841,1,1,1
842,0.916667,1,0.956522
843,1,1,1
844,1,1,1
845,1,1,1
846,1,1,1
847,1,1,1
848,0.857143,1,0.923077
849,1,1,1
850,1,1,1
851,1,1,1
852,1,0.85,0.918919
853,0.923077,1,0.96
854,0.934783,1,0.966292
855,0.916667,1,0.956522
856,0.390244,1,0.561404
857,1,1,1
858,1,1,1
859,1,1,1
860,0.875,1,0.933333
861,1,1,1
862,1,1,1
863,1,1,1
864,1,0.882353,0.9375
865,1,1,1
866,1,1,1
867,1,1,1
868,1,0.833333,0.909091
869,1,1,1
870,1,1,1
871,1,1,1
872,1,1,1
873,1,0.8,0.888889
874,1,1,1
875,1,1,1
876,1,1,1
877,0.885714,0.861111,0.873239
878,0.0677966,1,0.126984
879,1,1,1
880,1,1,1
881,1,1,1
882,1,1,1
883,1,1,1
884,0.96,0.585366,0.727273
885,0.636364,1,0.777778
886,1,1,1
887,1,1,1
888,1,1,1
889,1,1,1
890,1,1,1
891,0.8,0.333333,0.470588
892,1,1,1
893,1,0.833333,0.909091
894,0.9,1,0.947368
895,1,1,1
896,1,1,1
897,1,1,1
898,1,1,1
899,1,1,1
900,0.823529,1,0.903226
901,1,1,1
902,0.866667,0.928571,0.896552
903,1,1,1
904,1,1,1
905,1,1,1
906,1,1,1
907,0.9,1,0.947368
908,1,1,1
909,1,1,1
910,1,0.95,0.974359
911,0.9,0.9,0.9
912,0.875,1,0.933333
913,1,0.944444,0.971429
914,1,1,1
915,1,1,1
916,1,1,1
917,1,1,1
918,1,0.666667,0.8
919,0.933333,1,0.965517
920,1,1,1
921,0.916667,1,0.956522
922,0.952381,0.740741,0.833333
923,0.896552,1,0.945455
924,1,1,1
925,1,1,1
926,0.857143,1,0.923077
927,0.625,1,0.769231
928,1,1,1
929,0.875,1,0.933333
930,0.9375,1,0.967742
931,1,0.571429,0.727273
932,1,1,1
933,1,1,1
934,1,0.391304,0.5625
935,0.933333,0.875,0.903226
936,1,1,1
937,1,1,1
938,1,1,1
939,0.777778,1,0.875
940,1,0.833333,0.909091
941,1,0.322917,0.488189
942,1,0.909091,0.952381
943,1,0.681159,0.810345
944,1,0.5,0.666667
945,0.923077,1,0.96
946,1,0.9,0.947368
947,0.875,1,0.933333
948,1,1,1
949,1,1,1
950,1,1,1
951,0.956522,0.785714,0.862745
952,1,0.904762,0.95
953,1,1,1
954,0.846154,1,0.916667
955,1,1,1
956,0.815789,1,0.898551
957,1,1,1
958,1,1,1
959,1,1,1
960,1,1,1
961,1,1,1
962,0.833333,0.980392,0.900901
963,0.8,1,0.888889
964,1,0.408163,0.57971
965,0.964286,1,0.981818
966,1,0.4,0.571429
967,1,0.6875,0.814815
968,0.909091,1,0.952381
969,1,1,1
970,0.971014,0.435065,0.600897
971,0.961538,0.635593,0.765306
972,0.860215,0.987654,0.91954
973,0.806452,1,0.892857
974,0.952381,0.952381,0.952381
975,1,1,1
976,1,0.944444,0.971429
977,1,1,1
978,1,1,1
979,0.607143,0.435897,0.507463
980,0.44898,0.611111,0.517647
981,0.969697,0.888889,0.927536
982,1,1,1
983,1,1,1
984,1,1,1
985,0.970588,0.970588,0.970588
986,1,0.76,0.863636
987,1,0.578947,0.733333
988,1,0.882353,0.9375
989,1,0.44,0.611111
990,1,1,1
991,1,0.5,0.666667
992,1,1,1
993,0.833333,1,0.909091
994,1,1,1
995,1,1,1
996,1,1,1
997,1,1,1
998,1,1,1
999,1,1,1
1000,1,0.857143,0.923077
1001,1,1,1
1002,1,1,1
1003,1,1,1
1004,1,1,1
1005,1,1,1
1006,0.773585,1,0.87234
1007,0.833333,1,0.909091
1008,0.884615,1,0.938776
1009,1,0.545455,0.705882
1010,0.952381,0.952381,0.952381
1011,1,0.240741,0.38806
1012,0.969697,1,0.984615
1013,1,1,1
1014,1,1,1
1015,0.888889,1,0.941176
1016,1,1,1
1017,1,0.5,0.666667
1018,0.85,0.515152,0.641509
1019,1,0.6,0.75
1020,1,1,1
1021,1,1,1
1022,0.9,0.818182,0.857143
1023,1,1,1
1024,1,1,1
1025,1,0.909091,0.952381
1026,1,1,1
1027,0.916667,1,0.956522
1028,0.909091,1,0.952381
1029,1,1,1
1030,0.625,1,0.769231
1031,1,1,1
1032,1,1,1
1033,1,0.5,0.666667
1034,1,0.833333,0.909091
1035,1,1,1
1036,1,1,1
1037,1,1,1
1038,0.934783,1,0.966292
1039,0.896552,0.962963,0.928571
1040,0.875,1,0.933333
1041,1,1,1
1042,1,1,1
1043,0.833333,1,0.909091
1044,1,1,1
1045,1,1,1
1046,1,1,1
1047,1,1,1
1048,0.818182,1,0.9
1049,0.857143,1,0.923077
1050,1,1,1
1051,1,0.961538,0.980392
1052,1,0.941176,0.969697
1053,0.75,1,0.857143
1054,1,1,1
1055,0.857143,1,0.923077
1056,1,1,1
1057,1,1,1
1058,1,1,1
1059,1,1,1
1060,1,1,1
1061,1,1,1
1062,0.909091,1,0.952381
1063,1,0.363636,0.533333
1064,1,0.226804,0.369748
1065,1,0.538462,0.7
1066,1,0.857143,0.923077
1067,1,1,1
1068,0.941176,1,0.969697
1069,1,1,1
1070,0.888889,1,0.941176
1071,1,1,1
1072,1,1,1
1073,0.973684,0.870588,0.919255
1074,0.964912,0.916667,0.940171
1075,0.823529,1,0.903226
1076,1,1,1
1077,1,0.7,0.823529
1078,1,1,1
1079,1,1,1
1080,1,1,1
1081,1,1,1
1082,1,1,1
1083,1,1,1
1084,1,1,1
1085,1,1,1
1086,1,1,1
1087,0.944444,0.447368,0.607143
1088,1,1,1
1089,1,1,1
1090,0.76,0.35514,0.484076
1091,0.8125,1,0.896552
1092,1,1,1
1093,1,1,1
1094,0.583333,1,0.736842
1095,0.714286,0.405405,0.517241
1096,1,1,1
1097,1,1,1
1098,1,0.8125,0.896552
1099,1,0.461538,0.631579
1100,0.866667,1,0.928571
1101,1,1,1
1102,1,0.705882,0.827586
1103,1,1,1
1104,1,1,1
1105,1,1,1
1106,0.833333,1,0.909091
1107,1,1,1
1108,1,1,1
1109,1,1,1
1110,1,1,1
1111,0.857143,0.489796,0.623377
1112,0.863636,0.883721,0.873563
1113,1,0.292683,0.45283
1114,0.407407,1,0.578947
1115,0.818182,1,0.9
1116,0.8,1,0.888889
1117,0.622951,0.575758,0.598425
1118,0.97619,0.911111,0.942529
1119,0.854167,1,0.921348
1120,0.954545,1,0.976744
1121,1,0.809524,0.894737
1122,1,1,1
1123,1,1,1
1124,0.888889,1,0.941176
1125,1,1,1
1126,1,1,1
1127,1,1,1
1128,0.961538,0.892857,0.925926
1129,1,0.705882,0.827586
1130,1,0.866667,0.928571
1131,0.916667,1,0.956522
1132,1,1,1
1133,0.962963,0.928571,0.945455
1134,1,1,1
1135,0.833333,1,0.909091
1136,0.857143,1,0.923077
1137,0.966667,0.805556,0.878788
1138,1,0.833333,0.909091
1139,1,1,1
1140,0.961538,0.735294,0.833333
1141,1,0.785714,0.88
1142,1,0.846154,0.916667
1143,1,1,1
1144,1,1,1
1145,1,0.5,0.666667
1146,0.888889,1,0.941176
1147,1,1,1
1148,1,1,1
1149,1,1,1
1150,1,1,1
1151,1,1,1
1152,1,0.382979,0.553846
1153,1,0.5,0.666667
1154,1,1,1
1155,1,1,1
1156,1,1,1
1157,1,1,1
1158,1,1,1
1159,0.947368,0.923077,0.935065
1160,0.85,0.5,0.62963
1161,1,1,1
1162,1,0.96,0.979592
1163,1,1,1
1164,0.909091,1,0.952381
1165,1,1,1
1166,1,1,1
1167,1,0.903226,0.949153
1168,1,1,1
1169,0.779661,1,0.87619
1170,0.954545,1,0.976744
1171,0.366667,1,0.536585
1172,0.909091,1,0.952381
1173,1,1,1
1174,1,1,1
1175,1,0.625,0.769231
1176,1,0.857143,0.923077
1177,1,1,1
1178,1,1,1
1179,1,1,1
1180,0.982301,0.798561,0.880952
1181,0.970588,0.6875,0.804878
1182,1,0.952381,0.97561
1183,1,1,1
1184,1,0.923077,0.96
1185,1,1,1
1186,1,1,1
1187,0.777778,1,0.875
1188,0.705882,1,0.827586
1189,1,1,1
1190,0.967742,0.882353,0.923077
1191,0.944444,1,0.971429
1192,1,1,1
1193,1,1,1
1194,1,1,1
1195,0.583333,1,0.736842
1196,0.833333,1,0.909091
1197,1,1,1
1198,1,1,1
1199,1,1,1
1200,0.9375,1,0.967742
1201,0.948718,0.556391,0.701422
1202,0.952381,0.909091,0.930233
1203,1,0.913043,0.954545
1204,1,0.941176,0.969697
1205,0.134615,1,0.237288
1206,0.984375,0.238636,0.384146
1207,1,0.385542,0.556522
1208,0.959184,0.959184,0.959184
1209,1,0.866667,0.928571
1210,1,0.8125,0.896552
1211,1,0.933333,0.965517
1212,1,0.571429,0.727273
1213,1,0.236842,0.382979
1214,0.875,1,0.933333
1215,0.8,1,0.888889
1216,1,1,1
1217,0.962963,0.962963,0.962963
1218,1,1,1
1219,1,1,1
1220,1,0.863636,0.926829
1221,1,1,1
1222,1,0.5625,0.72
1223,1,0.928571,0.962963
1224,1,1,1
1225,1,0.5,0.666667
1226,1,1,1
1227,0.842105,0.761905,0.8
1228,0.966667,1,0.983051
1229,0.852941,1,0.920635
1230,0.944444,0.607143,0.73913
1231,0.714286,1,0.833333
1232,0.947368,1,0.972973
1233,0.941176,1,0.969697
1234,1,0.727273,0.842105
1235,1,1,1
1236,1,0.666667,0.8
1237,0.575758,0.904762,0.703704
1238,1,1,1
1239,1,1,1
1240,1,1,1
1241,1,1,1
1242,1,1,1
1243,1,0.8,0.888889
1244,1,1,1
1245,1,1,1
1246,0.727273,1,0.842105
1247,0.956522,1,0.977778
1248,0.727273,1,0.842105
1249,1,0.857143,0.923077
1250,0.952381,0.454545,0.615385
1251,0.969697,1,0.984615
1252,1,1,1
1253,1,1,1
1254,1,1,1
1255,0.806452,0.961538,0.877193
1256,1,1,1
1257,0.755556,1,0.860759
1258,1,0.761905,0.864865
1259,1,0.764706,0.866667
1260,1,0.529412,0.692308
1261,0.888889,1,0.941176
1262,0.952381,0.952381,0.952381
1263,1,1,1
1264,0.90625,1,0.95082
1265,1,1,1
1266,1,1,1
1267,1,1,1
1268,1,1,1
1269,1,1,1
1270,0.912281,0.896552,0.904348
1271,0.833333,1,0.909091
1272,0.0864198,1,0.159091
1273,0.961538,0.56391,0.7109
1274,0.88172,0.987952,0.931818
1275,0.622951,0.558824,0.589147
1276,0.97619,0.82,0.891304
1277,0.875,1,0.933333
1278,0.842105,0.761905,0.8
1279,0.914286,0.864865,0.888889
1280,0.857143,1,0.923077
1281,1,0.425,0.596491
1282,1,0.645161,0.784314
1283,1,1,1
1284,1,0.92,0.958333
1285,1,0.818182,0.9
1286,1,1,1
1287,0.909091,1,0.952381
1288,0.888889,1,0.941176
1289,0.8,1,0.888889
1290,1,1,1
1291,1,1,1
1292,1,1,1
1293,0.9,1,0.947368
1294,1,1,1
1295,0.962264,0.335526,0.497561
1296,0.96,0.4,0.564706
1297,1,0.333333,0.5
1298,0.962963,0.928571,0.945455
1299,0.95,0.826087,0.883721
1300,1,1,1
1301,0.941176,0.432432,0.592593
1302,1,0.714286,0.833333
1303,0.941176,1,0.969697
1304,1,0.8,0.888889
1305,0.8125,1,0.896552
1306,1,0.909091,0.952381
1307,1,1,1
1308,0.9,1,0.947368
1309,1,1,1
1310,0.8125,1,0.896552
1311,0.947368,1,0.972973
1312,1,1,1
1313,1,1,1
1314,0.970588,0.6875,0.804878
1315,0.983333,0.967213,0.975207
1316,0.830189,1,0.907216
1317,1,1,1
1318,1,0.8,0.888889
1319,0.961538,1,0.980392
1320,0.791667,0.826087,0.808511
1321,0.956522,1,0.977778
1322,0.8,1,0.888889
1323,0.916667,1,0.956522
1324,0.857143,1,0.923077
1325,1,1,1
1326,1,1,1
1327,1,0.956522,0.977778
1328,0.875,1,0.933333
1329,1,1,1
1330,1,1,1
1331,1,1,1
1332,1,1,1
1333,1,1,1
1334,1,1,1
1335,1,1,1
1336,1,0.954545,0.976744
1337,1,1,1
1338,0.789474,1,0.882353
1339,1,1,1
1340,0.9,1,0.947368
1341,1,1,1
1342,0.0529801,1,0.100629
1343,1,0.571429,0.727273
1344,1,1,1
1345,1,1,1
1346,1,1,1
1347,1,1,1
1348,1,1,1
1349,0.918919,0.566667,0.701031
1350,1,1,1
1351,1,1,1
1352,0.96875,1,0.984127
1353,1,1,1
1354,0.857143,0.48,0.615385
1355,0.931818,0.891304,0.911111
1356,0.926829,0.95,0.938272
1357,0.870968,1,0.931034
1358,0.894737,1,0.944444
1359,0.941176,1,0.969697
1360,1,1,1
1361,1,0.666667,0.8
1362,0.969697,0.316832,0.477612
1363,1,0.923077,0.96
1364,1,0.205128,0.340426
1365,1,0.487805,0.655738
1366,1,0.95,0.974359
1367,0.944444,0.809524,0.871795
1368,1,1,1
1369,1,0.909091,0.952381
1370,0.909091,1,0.952381
1371,1,1,1
1372,1,1,1
1373,1,0.9375,0.967742
1374,1,1,1
1375,0.9,1,0.947368
1376,1,1,1
1377,1,1,1
1378,1,1,1
1379,0.958904,0.542636,0.693069
1380,0.985294,0.67,0.797619
1381,0.877193,0.769231,0.819672
1382,1,0.967742,0.983607
1383,0.983333,1,0.991597
1384,0.970588,0.611111,0.75
1385,0.867925,0.938776,0.901961
1386,0.977273,0.934783,0.955556
1387,0.941176,0.410256,0.571429
1388,0.923077,0.342857,0.5
1389,1,0.606061,0.754717
1390,1,0.962963,0.981132
1391,1,0.576923,0.731707
1392,1,0.333333,0.5
1393,1,1,1
1394,1,1,1
1395,1,1,1
1396,1,1,1
1397,1,1,1
1398,0.947368,0.947368,0.947368
1399,1,0.888889,0.941176
1400,1,0.9,0.947368
1401,1,1,1
1402,0.888889,1,0.941176
1403,1,1,1
1404,0.75,1,0.857143
1405,1,1,1
1406,1,1,1
1407,0.96,1,0.979592
1408,0.944444,0.772727,0.85
1409,1,0.941176,0.969697
1410,1,0.571429,0.727273
1411,0.9,1,0.947368
1412,1,0.833333,0.909091
1413,1,1,1
1414,1,0.875,0.933333
1415,1,0.533333,0.695652
1416,1,1,1
1417,0.9,1,0.947368
1418,0.833333,1,0.909091
1419,1,1,1
1420,0.962963,0.8125,0.881356
1421,1,0.5,0.666667
1422,1,1,1
1423,1,1,1
1424,1,1,1
1425,0.913043,1,0.954545
1426,0.8,1,0.888889
1427,1,1,1
1428,1,1,1
1429,0.961538,0.535714,0.688073
1430,0.931034,0.964286,0.947368
1431,0.947368,0.947368,0.947368
1432,0.916667,0.733333,0.814815
1433,0.875,1,0.933333
1434,1,1,1
1435,0.916667,1,0.956522
1436,1,0.611111,0.758621
1437,1,1,1
1438,1,0.823529,0.903226
1439,1,0.631579,0.774194
1440,1,0.392857,0.564103
1441,1,1,1
1442,1,0.8,0.888889
1443,1,1,1
1444,1,1,1
1445,1,1,1
1446,1,1,1
1447,1,1,1
1448,0.888889,1,0.941176
1449,1,1,1
1450,1,1,1
1451,1,0.622951,0.767677
1452,1,0.571429,0.727273
1453,1,1,1
1454,1,1,1
1455,0.1875,1,0.315789
1456,0.857143,1,0.923077
1457,1,1,1
1458,0.8,1,0.888889
1459,1,1,1
1460,0.857143,1,0.923077
1461,1,1,1
1462,1,1,1
1463,1,1,1
1464,1,0.954545,0.976744
1465,1,1,1
1466,1,1,1
1467,1,1,1
1468,0.888889,1,0.941176
1469,1,1,1
1470,0.864407,1,0.927273
1471,0.909091,0.97561,0.941176
1472,1,0.96875,0.984127
1473,1,0.863636,0.926829
1474,0.666667,1,0.8
1475,1,0.6,0.75
1476,0.548387,0.944444,0.693878
1477,1,0.818182,0.9
1478,0.9,1,0.947368
1479,1,1,1
1480,1,1,1
1481,1,0.22807,0.371429
1482,1,0.538462,0.7
1483,0.857143,1,0.923077
1484,1,1,1
1485,1,0.489796,0.657534
1486,1,0.238095,0.384615
1487,1,0.97619,0.987952
1488,0.958333,0.621622,0.754098
1489,0.944444,0.62963,0.755556
1490,1,1,1
1491,1,0.625,0.769231
1492,1,0.944444,0.971429
1493,1,1,1
1494,1,1,1
1495,0.888889,1,0.941176
1496,1,1,1
1497,0.916667,1,0.956522
1498,1,0.95,0.974359
1499,0.9375,1,0.967742
1500,0.909091,1,0.952381
1501,1,1,1
1502,1,1,1
1503,0.461538,1,0.631579
1504,0.5,1,0.666667
1505,1,1,1
1506,1,0.888889,0.941176
1507,0.934426,0.17378,0.293059
1508,0.941176,0.390244,0.551724
1509,1,0.533333,0.695652
1510,0.909091,0.666667,0.769231
1511,0.9,1,0.947368
1512,1,1,1
1513,1,1,1
1514,1,1,1
1515,0.967742,0.857143,0.909091
1516,1,0.833333,0.909091
