id,precision,recall,f1
0,0.000305842,1,0.000611496
1,1,1,1
2,1,1,1
3,0.6,1,0.75
4,0.0197368,1,0.0387097
5,1,1,1
6,1,1,1
7,0.75,1,0.857143
8,1,1,1
9,1,1,1
10,1,1,1
11,0.75,1,0.857143
12,0.75,1,0.857143
13,0.5,1,0.666667
14,1,1,1
15,0.75,1,0.857143
16,1,1,1
17,1,1,1
18,1,1,1
19,1,1,1
20,0.75,1,0.857143
21,0.6,1,0.75
22,1,1,1
23,0.6,1,0.75
24,1,1,1
25,0.0882353,1,0.162162
26,0.75,1,0.857143
27,0.6,1,0.75
28,1,1,1
29,0.75,1,0.857143
30,0.00728155,1,0.0144578
31,1,1,1
32,0.75,1,0.857143
33,0.75,1,0.857143
34,1,1,1
35,1,1,1
36,0.0625,1,0.117647
37,1,1,1
38,0.75,1,0.857143
39,0.00842697,1,0.0167131
40,0.75,1,0.857143
41,0.75,1,0.857143
42,0.75,1,0.857143
43,0.75,1,0.857143
44,0.75,1,0.857143
45,0.75,1,0.857143
46,0.6,1,0.75
47,0.75,1,0.857143
48,1,1,1
49,0.75,1,0.857143
50,1,1,1
51,0.6,1,0.75
52,1,1,1
53,1,1,1
54,1,1,1
55,0.6,1,0.75
56,0.75,1,0.857143
57,0.75,1,0.857143
58,1,1,1
59,1,1,1
60,0.75,1,0.857143
61,0.6,1,0.75
62,1,1,1
63,1,1,1
64,0.75,1,0.857143
65,0.272727,1,0.428571
66,1,1,1
67,0.5,1,0.666667
68,1,1,1
69,0.0132159,1,0.026087
70,1,1,1
71,1,1,1
72,1,1,1
73,1,1,1
74,0.75,1,0.857143
75,0.5,1,0.666667
76,1,1,1
77,1,1,1
78,1,1,1
79,0.75,1,0.857143
80,0.6,1,0.75
81,0.75,1,0.857143
82,0.75,1,0.857143
83,0.75,1,0.857143
84,1,1,1
85,0.75,1,0.857143
86,1,1,1
87,0.75,1,0.857143
88,0.6,1,0.75
89,0.75,1,0.857143
90,0.0517241,1,0.0983607
91,0.75,1,0.857143
92,1,1,1
93,0.5,1,0.666667
94,1,1,1
95,0.75,1,0.857143
96,0.130435,1,0.230769
97,0.0769231,1,0.142857
98,0.00148148,1,0.00295858
99,0.75,1,0.857143
100,0.6,1,0.75
101,0.75,1,0.857143
102,1,1,1
103,1,1,1
104,0.75,1,0.857143
105,0.6,1,0.75
106,0.75,1,0.857143
107,0.046875,1,0.0895522
108,0.025641,1,0.05
109,0.75,1,0.857143
110,1,1,1
111,0.428571,1,0.6
112,1,1,1
113,0.75,1,0.857143
114,0.75,1,0.857143
115,1,1,1
116,0.0267857,1,0.0521739
117,1,1,1
118,0.6,1,0.75
119,1,1,1
120,1,1,1
121,0.75,1,0.857143
122,1,1,1
123,0.00189873,1,0.00379027
124,0.75,1,0.857143
125,0.75,1,0.857143
126,1,1,1
127,0.6,1,0.75
128,1,1,1
129,1,1,1
130,1,1,1
131,0.6,1,0.75
132,1,1,1
133,1,1,1
134,1,1,1
135,1,1,1
136,0.6,1,0.75
137,0.5,1,0.666667
138,1,1,1
139,0.000450789,1,0.000901172
140,0.75,1,0.857143
141,0.8,1,0.888889
142,0.000934143,1,0.00186654
143,0.00551724,1,0.0109739
144,1,1,1
145,1,1,1
146,0.666667,1,0.8
147,0.666667,1,0.8
148,1,1,1
149,0.8,1,0.888889
150,0.8,1,0.888889
151,1,1,1
152,0.0615385,1,0.115942
153,1,1,1
154,1,1,1
155,0.5,1,0.666667
156,0.8,1,0.888889
157,0.571429,1,0.727273
158,0.666667,1,0.8
159,0.666667,1,0.8
160,0.00232153,1,0.00463231
161,0.444444,1,0.615385
162,0.5,1,0.666667
163,0.8,1,0.888889
164,0.04,1,0.0769231
165,1,1,1
166,0.363636,1,0.533333
167,1,1,1
168,0.571429,1,0.727273
169,1,1,1
170,1,1,1
171,0.666667,1,0.8
172,1,1,1
173,0.8,1,0.888889
174,0.8,1,0.888889
175,0.222222,1,0.363636
176,0.0645161,1,0.121212
177,0.8,1,0.888889
178,0.8,1,0.888889
179,0.571429,1,0.727273
180,0.571429,1,0.727273
181,0.8,1,0.888889
182,1,1,1
183,1,1,1
184,1,1,1
185,0.045977,1,0.0879121
186,1,1,1
187,1,1,1
188,0.666667,1,0.8
189,1,1,1
190,1,1,1
191,0.00348736,1,0.00695048
192,0.8,1,0.888889
193,0.137931,1,0.242424
194,0.571429,1,0.727273
195,1,1,1
196,0.8,1,0.888889
197,0.666667,1,0.8
198,1,0.75,0.857143
199,0.571429,1,0.727273
200,0.00508259,1,0.0101138
201,0.571429,1,0.727273
202,0.666667,1,0.8
203,1,1,1
204,1,1,1
205,0.666667,1,0.8
206,0.666667,1,0.8
207,0.6,0.75,0.666667
208,0.571429,1,0.727273
209,0.00341588,1,0.00680851
210,0.571429,1,0.727273
211,0.8,1,0.888889
212,0.571429,1,0.727273
213,0.75,1,0.857143
214,1,1,1
215,0.0160643,1,0.0316206
216,0.4,1,0.571429
217,1,1,1
218,0.8,1,0.888889
219,0.8,1,0.888889
220,1,1,1
221,1,0.75,0.857143
222,0.8,1,0.888889
223,0.666667,1,0.8
224,1,1,1
225,0.5,1,0.666667
226,0.8,1,0.888889
227,0.8,1,0.888889
228,0.444444,1,0.615385
229,1,1,1
230,0.00285714,1,0.00569801
231,1,1,1
232,0.8,1,0.888889
233,1,1,1
234,0.5,1,0.666667
235,0.129032,1,0.228571
236,1,1,1
237,0.00529801,1,0.0105402
238,1,1,1
239,0.8,1,0.888889
240,0.571429,1,0.727273
241,0.8,1,0.888889
242,1,0.75,0.857143
243,0.666667,1,0.8
244,1,1,1
245,1,1,1
246,1,1,1
247,0.8,1,0.888889
248,1,1,1
249,0.8,1,0.888889
250,0.00328677,1,0.00655201
251,1,1,1
252,1,1,1
253,1,1,1
254,0.8,1,0.888889
255,1,1,1
256,0.666667,1,0.8
257,0.8,1,0.888889
258,0.6,1,0.75
259,1,1,1
260,0.5,1,0.666667
261,1,1,1
262,0.6,1,0.75
263,0.444444,1,0.615385
264,0.666667,1,0.8
265,1,1,1
266,1,1,1
267,1,1,1
268,0.75,1,0.857143
269,1,1,1
270,0.111111,0.75,0.193548
271,0.8,1,0.888889
272,0.571429,1,0.727273
273,1,1,1
274,1,1,1
275,0.8,1,0.888889
276,0.8,1,0.888889
277,1,1,1
278,0.8,1,0.888889
279,0.333333,1,0.5
280,1,1,1
281,0.666667,1,0.8
282,0.6,1,0.75
283,0.0689655,1,0.129032
284,0.666667,1,0.8
285,1,1,1
286,0.173913,1,0.296296
287,0.8,1,0.888889
288,0.571429,1,0.727273
289,1,0.75,0.857143
290,1,1,1
291,0.8,1,0.888889
292,0.8,1,0.888889
293,0.666667,1,0.8
294,0.00963855,1,0.0190931
295,0.666667,1,0.8
296,1,0.75,0.857143
297,1,1,1
298,0.8,1,0.888889
299,0.8,1,0.888889
300,1,1,1
301,0.444444,1,0.615385
302,1,1,1
303,1,1,1
304,1,0.75,0.857143
305,1,0.75,0.857143
306,0.307692,1,0.470588
307,0.666667,1,0.8
308,0.8,1,0.888889
309,0.8,1,0.888889
310,0.363636,1,0.533333
311,1,1,1
312,1,1,1
313,1,1,1
314,0.151515,1,0.263158
315,0.714286,1,0.833333
316,0.666667,1,0.8
317,1,0.8,0.888889
318,0.714286,1,0.833333
319,0.0431034,1,0.0826446
320,1,1,1
321,0.625,1,0.769231
322,0.00984252,1,0.0194932
323,0.555556,1,0.714286
324,0.625,1,0.769231
325,1,1,1
326,1,1,1
327,0.5,1,0.666667
328,0.666667,1,0.8
329,0.833333,1,0.909091
330,1,1,1
331,0.208333,1,0.344828
332,0.208333,1,0.344828
333,1,1,1
334,0.00537634,1,0.0106952
335,1,1,1
336,1,1,1
337,1,1,1
338,0.833333,1,0.909091
339,0.5,1,0.666667
340,0.714286,1,0.833333
341,0.111111,1,0.2
342,0.833333,1,0.909091
343,0.833333,1,0.909091
344,0.714286,1,0.833333
345,1,1,1
346,0.714286,1,0.833333
347,1,1,1
348,0.75,1,0.857143
349,0.625,1,0.769231
350,0.833333,1,0.909091
351,0.75,1,0.857143
352,1,1,1
353,0.0163934,1,0.0322581
354,1,1,1
355,0.833333,1,0.909091
356,1,1,1
357,0.625,1,0.769231
358,0.666667,1,0.8
359,0.714286,1,0.833333
360,1,1,1
361,1,0.8,0.888889
362,0.833333,1,0.909091
363,1,1,1
364,1,1,1
365,0.277778,1,0.434783
366,0.625,1,0.769231
367,1,1,1
368,0.833333,1,0.909091
369,0.128205,1,0.227273
370,1,1,1
371,1,1,1
372,0.833333,1,0.909091
373,1,1,1
374,0.714286,1,0.833333
375,0.714286,1,0.833333
376,0.8,1,0.888889
377,0.625,1,0.769231
378,0.000957121,1,0.00191241
379,1,1,1
380,0.833333,1,0.909091
381,0.75,1,0.857143
382,0.8,1,0.888889
383,0.714286,1,0.833333
384,0.833333,1,0.909091
385,0.178571,1,0.30303
386,0.555556,1,0.714286
387,1,1,1
388,0.833333,1,0.909091
389,0.833333,1,0.909091
390,0.0185874,1,0.0364964
391,0.714286,1,0.833333
392,0.6,1,0.75
393,0.625,1,0.769231
394,0.833333,1,0.909091
395,1,1,1
396,0.714286,1,0.833333
397,0.833333,1,0.909091
398,0.3125,1,0.47619
399,1,1,1
400,1,0.8,0.888889
401,1,1,1
402,0.714286,1,0.833333
403,0.357143,1,0.526316
404,0.357143,1,0.526316
405,1,1,1
406,1,1,1
407,0.454545,1,0.625
408,0.833333,1,0.909091
409,0.625,1,0.769231
410,0.714286,1,0.833333
411,0.555556,1,0.714286
412,0.555556,1,0.714286
413,1,1,1
414,1,1,1
415,0.148148,1,0.258065
416,1,1,1
417,1,1,1
418,0.00898876,1,0.0178174
419,1,1,1
420,0.555556,1,0.714286
421,0.555556,1,0.714286
422,1,1,1
423,0.833333,1,0.909091
424,0.833333,1,0.909091
425,0.666667,1,0.8
426,0.625,1,0.769231
427,1,1,1
428,0.8,1,0.888889
429,0.555556,1,0.714286
430,0.833333,1,0.909091
431,0.625,1,0.769231
432,0.714286,1,0.833333
433,1,1,1
434,0.833333,1,0.909091
435,0.833333,1,0.909091
436,1,1,1
437,1,1,1
438,0.0140187,1,0.0276498
439,0.571429,1,0.727273
440,0.625,1,0.769231
441,1,1,1
442,0.555556,1,0.714286
443,0.625,1,0.769231
444,0.00742942,1,0.0147493
445,0.8,1,0.888889
446,0.833333,1,0.909091
447,0.357143,1,0.526316
448,1,1,1
449,1,1,1
450,0.75,1,0.857143
451,0.0030581,1,0.00609756
452,0.714286,1,0.833333
453,0.0159236,1,0.031348
454,0.833333,1,0.909091
455,1,1,1
456,0.75,1,0.857143
457,1,1,1
458,0.00485437,1,0.00966184
459,0.00340426,1,0.00678541
460,0.192308,1,0.322581
461,0.121951,1,0.217391
462,1,1,1
463,0.833333,1,0.909091
464,1,1,1
465,1,1,1
466,1,1,1
467,0.666667,1,0.8
468,1,1,1
469,0.035461,1,0.0684932
470,1,1,1
471,0.833333,1,0.909091
472,0.666667,1,0.8
473,1,1,1
474,0.00814332,1,0.0161551
475,1,1,1
476,0.714286,1,0.833333
477,0.5,1,0.666667
478,0.666667,1,0.8
479,1,1,1
480,0.0925926,1,0.169492
481,0.384615,1,0.555556
482,0.833333,1,0.909091
483,1,1,1
484,0.714286,1,0.833333
485,0.666667,1,0.8
486,0.333333,1,0.5
487,0.5,1,0.666667
488,0.833333,1,0.909091
489,1,1,1
490,0.555556,1,0.714286
491,1,1,1
492,0.625,1,0.769231
493,0.625,1,0.769231
494,1,1,1
495,0.8,1,0.888889
496,1,1,1
497,1,1,1
498,0.5,1,0.666667
499,0.714286,1,0.833333
500,1,1,1
501,0.666667,1,0.8
502,1,1,1
503,0.666667,1,0.8
504,0.285714,1,0.444444
505,0.5,1,0.666667
506,0.75,1,0.857143
507,0.375,1,0.545455
508,0.666667,1,0.8
509,0.857143,1,0.923077
510,0.857143,1,0.923077
511,0.6,1,0.75
512,0.857143,1,0.923077
513,0.857143,1,0.923077
514,0.75,1,0.857143
515,0.333333,1,0.5
516,0.666667,1,0.8
517,0.833333,1,0.909091
518,0.857143,1,0.923077
519,0.454545,1,0.625
520,0.545455,1,0.705882
521,1,1,1
522,0.857143,1,0.923077
523,0.6,1,0.75
524,0.6,1,0.75
525,1,1,1
526,0.555556,1,0.714286
527,0.833333,1,0.909091
528,0.01875,1,0.0368098
529,0.75,1,0.857143
530,0.6,1,0.75
531,0.857143,1,0.923077
532,0.75,1,0.857143
533,0.6,1,0.75
534,1,1,1
535,1,1,1
536,1,1,1
537,1,1,1
538,0.857143,1,0.923077
539,0.0521739,1,0.0991736
540,0.857143,1,0.923077
541,0.625,1,0.769231
542,0.833333,1,0.909091
543,1,1,1
544,0.857143,1,0.923077
545,0.857143,1,0.923077
546,1,1,1
547,0.857143,1,0.923077
548,1,1,1
549,0.625,1,0.769231
550,1,0.833333,0.909091
551,0.8,1,0.888889
552,0.75,1,0.857143
553,0.75,1,0.857143
554,1,1,1
555,0.857143,1,0.923077
556,1,1,1
557,0.75,1,0.857143
558,1,1,1
559,0.6,1,0.75
560,0.75,1,0.857143
561,0.00337648,1,0.00673023
562,1,1,1
563,0.857143,1,0.923077
564,0.461538,1,0.631579
565,0.833333,1,0.909091
566,0.0458716,1,0.0877193
567,0.0458716,1,0.0877193
568,0.454545,1,0.625
569,0.857143,1,0.923077
570,1,1,1
571,0.857143,1,0.923077
572,1,1,1
573,0.857143,1,0.923077
574,0.75,1,0.857143
575,0.75,1,0.857143
576,1,1,1
577,0.666667,1,0.8
578,0.0174672,1,0.0343348
579,1,1,1
580,0.75,1,0.857143
581,0.352941,1,0.521739
582,1,1,1
583,0.857143,1,0.923077
584,1,1,1
585,0.857143,1,0.923077
586,0.75,1,0.857143
587,0.545455,1,0.705882
588,0.5,1,0.666667
589,0.75,1,0.857143
590,0.75,1,0.857143
591,0.75,1,0.857143
592,0.0042735,1,0.00851064
593,1,0.833333,0.909091
594,0.666667,1,0.8
595,0.857143,1,0.923077
596,0.0810811,1,0.15
597,1,1,1
598,0.555556,1,0.714286
599,0.6,1,0.75
600,1,1,1
601,0.714286,0.833333,0.769231
602,0.5,1,0.666667
603,0.857143,1,0.923077
604,0.333333,1,0.5
605,0.8,1,0.888889
606,0.666667,1,0.8
607,0.75,1,0.857143
608,1,1,1
609,0.666667,1,0.8
610,0.75,1,0.857143
611,0.0116279,1,0.0229885
612,0.714286,1,0.833333
613,1,1,1
614,0.857143,1,0.923077
615,0.857143,1,0.923077
616,1,1,1
617,0.545455,1,0.705882
618,0.6,1,0.75
619,0.666667,1,0.8
620,0.555556,0.833333,0.666667
621,0.6,1,0.75
622,0.4,1,0.571429
623,1,1,1
624,0.545455,1,0.705882
625,0.0387097,1,0.0745342
626,1,1,1
627,1,0.666667,0.8
628,1,0.833333,0.909091
629,1,1,1
630,1,1,1
631,0.857143,1,0.923077
632,0.857143,1,0.923077
633,0.75,1,0.857143
634,0.666667,1,0.8
635,0.666667,1,0.8
636,0.153846,1,0.266667
637,0.6,1,0.75
638,1,1,1
639,0.048,1,0.0916031
640,0.75,1,0.857143
641,1,0.833333,0.909091
642,0.545455,1,0.705882
643,1,1,1
644,0.714286,1,0.833333
645,1,1,1
646,0.833333,0.833333,0.833333
647,0.666667,1,0.8
648,0.857143,1,0.923077
649,0.666667,1,0.8
650,0.24,1,0.387097
651,0.7,1,0.823529
652,0.024911,1,0.0486111
653,0.833333,1,0.909091
654,0.636364,1,0.777778
655,0.875,1,0.933333
656,0.857143,1,0.923077
657,1,1,1
658,1,1,1
659,1,1,1
660,0.875,1,0.933333
661,0.777778,1,0.875
662,0.0289256,1,0.0562249
663,0.833333,1,0.909091
664,0.571429,1,0.727273
665,0.833333,1,0.909091
666,0.00584307,1,0.0116183
667,0.00308914,1,0.00615926
668,1,1,1
669,1,1,1
670,1,1,1
671,0.101449,1,0.184211
672,1,1,1
673,1,1,1
674,0.875,1,0.933333
675,0.538462,1,0.7
676,0.833333,1,0.909091
677,1,1,1
678,1,1,1
679,0.833333,0.714286,0.769231
680,0.0555556,1,0.105263
681,1,1,1
682,1,1,1
683,0.269231,1,0.424242
684,0.8,1,0.888889
685,1,0.285714,0.444444
686,0.857143,0.857143,0.857143
687,0.777778,1,0.875
688,0.5,1,0.666667
689,0.636364,1,0.777778
690,0.636364,1,0.777778
691,0.538462,1,0.7
692,0.875,1,0.933333
693,0.714286,1,0.833333
694,0.857143,0.857143,0.857143
695,0.5,1,0.666667
696,0.666667,1,0.8
697,0.777778,1,0.875
698,1,1,1
699,1,1,1
700,0.75,1,0.857143
701,0.875,1,0.933333
702,0.777778,1,0.875
703,0.0457516,1,0.0875
704,0.636364,1,0.777778
705,0.833333,1,0.909091
706,1,1,1
707,1,1,1
708,0.833333,1,0.909091
709,1,1,1
710,1,1,1
711,0.777778,1,0.875
712,1,1,1
713,0.0333333,1,0.0645161
714,0.8,1,0.888889
715,0.777778,1,0.875
716,0.75,0.857143,0.8
717,0.777778,1,0.875
718,0.777778,1,0.875
719,0.857143,1,0.923077
720,0.857143,0.857143,0.857143
721,0.21875,1,0.358974
722,0.857143,0.857143,0.857143
723,0.102941,1,0.186667
724,0.0319635,1,0.0619469
725,0.833333,1,0.909091
726,1,1,1
727,0.6,1,0.75
728,0.7,1,0.823529
729,0.538462,1,0.7
730,0.0258621,1,0.0504202
731,1,1,1
732,0.388889,1,0.56
733,0.875,1,0.933333
734,0.875,1,0.933333
735,0.0769231,1,0.142857
736,0.0147992,1,0.0291667
737,1,1,1
738,0.636364,1,0.777778
739,0.636364,1,0.777778
740,1,1,1
741,0.875,1,0.933333
742,0.454545,1,0.625
743,0.777778,1,0.875
744,0.75,1,0.857143
745,0.583333,1,0.736842
746,0.777778,1,0.875
747,1,1,1
748,0.875,1,0.933333
749,0.7,1,0.823529
750,0.538462,1,0.7
751,0.0786517,1,0.145833
752,0.555556,1,0.714286
753,1,1,1
754,0.875,1,0.933333
755,0.666667,1,0.8
756,0.7,1,0.823529
757,0.6,1,0.75
758,0.7,1,0.823529
759,0.875,1,0.933333
760,0.179487,1,0.304348
761,1,1,1
762,1,1,1
763,1,1,1
764,0.368421,1,0.538462
765,0.0608696,1,0.114754
766,0.0482759,1,0.0921053
767,1,1,1
768,0.875,1,0.933333
769,0.777778,1,0.875
770,0.583333,1,0.736842
771,0.636364,1,0.777778
772,1,1,1
773,0.875,1,0.933333
774,1,1,1
775,1,1,1
776,1,1,1
777,1,1,1
778,1,1,1
779,0.7,1,0.823529
780,0.0472973,1,0.0903226
781,0.875,1,0.933333
782,0.583333,1,0.736842
783,0.7,1,0.823529
784,0.538462,1,0.7
785,0.7,1,0.823529
786,0.538462,1,0.7
787,0.75,1,0.857143
788,1,1,1
789,0.777778,1,0.875
790,0.875,1,0.933333
791,0.583333,1,0.736842
792,0.5,0.857143,0.631579
793,0.636364,1,0.777778
794,0.666667,1,0.8
795,0.875,1,0.933333
796,0.7,1,0.823529
797,0.7,1,0.823529
798,0.7,1,0.823529
799,1,1,1
800,1,1,1
801,0.7,1,0.823529
802,1,1,1
803,0.666667,1,0.8
804,0.636364,1,0.777778
805,1,1,1
806,0.727273,1,0.842105
807,0.888889,1,0.941176
808,1,1,1
809,0.119403,1,0.213333
810,1,1,1
811,0.727273,1,0.842105
812,0.875,1,0.933333
813,1,1,1
814,0.888889,1,0.941176
815,0.777778,0.875,0.823529
816,0.470588,1,0.64
817,0.727273,1,0.842105
818,0.888889,1,0.941176
819,1,1,1
820,0.0187668,1,0.0368421
821,0.857143,0.75,0.8
822,1,1,1
823,0.714286,1,0.833333
824,1,1,1
825,0.666667,1,0.8
826,1,1,1
827,0.888889,1,0.941176
828,1,0.857143,0.923077
829,0.0792079,1,0.146789
830,1,1,1
831,0.888889,1,0.941176
832,0.888889,1,0.941176
833,0.888889,1,0.941176
834,1,1,1
835,0.888889,1,0.941176
836,0.421053,1,0.592593
837,1,1,1
838,0.7,0.875,0.777778
839,0.666667,1,0.8
840,1,0.875,0.933333
841,0.153846,1,0.266667
842,0.133333,1,0.235294
843,0.8,1,0.888889
844,0.571429,1,0.727273
845,0.272727,1,0.428571
846,0.888889,1,0.941176
847,0.421053,1,0.592593
848,0.470588,1,0.64
849,0.470588,1,0.64
850,0.137931,1,0.242424
851,0.75,1,0.857143
852,0.888889,1,0.941176
853,1,1,1
854,0.727273,1,0.842105
855,0.8,1,0.888889
856,1,1,1
857,0.291667,1,0.451613
858,0.666667,1,0.8
859,1,1,1
860,0.875,1,0.933333
861,0.5,1,0.666667
862,0.5,1,0.666667
863,0.0833333,1,0.153846
864,1,1,1
865,0.875,1,0.933333
866,1,1,1
867,1,0.714286,0.833333
868,0.470588,1,0.64
869,0.888889,1,0.941176
870,0.666667,1,0.8
871,0.571429,1,0.727273
872,0.888889,1,0.941176
873,0.8,1,0.888889
874,0.8,1,0.888889
875,0.727273,1,0.842105
876,0.00754006,1,0.0149673
877,0.0357143,1,0.0689655
878,0.8,1,0.888889
879,1,1,1
880,0.583333,1,0.736842
881,1,1,1
882,0.666667,1,0.8
883,0.888889,1,0.941176
884,0.583333,1,0.736842
885,0.4,1,0.571429
886,0.615385,1,0.761905
887,0.875,0.875,0.875
888,0.123077,1,0.219178
889,0.777778,1,0.875
890,0.75,1,0.857143
891,0.888889,1,0.941176
892,0.380952,1,0.551724
893,0.8,1,0.888889
894,1,1,1
895,0.666667,1,0.8
896,0.5,1,0.666667
897,0.888889,1,0.941176
898,0.7,0.875,0.777778
899,0.0677966,1,0.126984
900,0.875,1,0.933333
901,0.8,1,0.888889
902,0.533333,1,0.695652
903,1,1,1
904,0.625,1,0.769231
905,0.615385,1,0.761905
906,0.857143,1,0.923077
907,0.888889,1,0.941176
908,0.888889,1,0.941176
909,0.8,1,0.888889
910,0.666667,1,0.8
911,0.6,1,0.75
912,1,1,1
913,1,1,1
914,0.888889,1,0.941176
915,1,0.875,0.933333
916,0.625,1,0.769231
917,0.8,1,0.888889
918,0.4375,1,0.608696
919,0.7,0.875,0.777778
920,1,1,1
921,1,1,1
922,0.4,1,0.571429
923,0.888889,1,0.941176
924,0.35,1,0.518519
925,0.888889,1,0.941176
926,1,1,1
927,1,1,1
928,0.8,1,0.888889
929,0.32,1,0.484848
930,0.75,0.75,0.75
931,0.727273,1,0.842105
932,0.875,1,0.933333
933,0.888889,1,0.941176
934,0.380952,1,0.551724
935,0.0727273,1,0.135593
936,0.189189,0.875,0.311111
937,0.189189,0.875,0.311111
938,0.128205,1,0.227273
939,1,1,1
940,0.6,1,0.75
941,1,1,1
942,0.461538,0.75,0.571429
943,0.8,1,0.888889
944,1,1,1
945,0.195122,1,0.326531
946,0.142857,1,0.25
947,0.625,1,0.769231
948,0.6,1,0.75
949,1,1,1
950,0.5,1,0.666667
951,0.818182,1,0.9
952,0.5625,1,0.72
953,1,1,1
954,0.00630694,1,0.0125348
955,0.75,1,0.857143
956,1,1,1
957,0.219512,1,0.36
958,0.6,1,0.75
959,0.45,1,0.62069
960,0.875,1,0.933333
961,0.5625,1,0.72
962,0.857143,1,0.923077
963,0.45,1,0.62069
964,0.615385,1,0.761905
965,1,1,1
966,1,1,1
967,0.296296,1,0.457143
968,0.9,1,0.947368
969,0.9,1,0.947368
970,0.8,1,0.888889
971,1,1,1
972,1,1,1
973,0.6,1,0.75
974,0.75,1,0.857143
975,0.727273,0.888889,0.8
976,0.888889,0.888889,0.888889
977,1,1,1
978,1,1,1
979,0.888889,1,0.941176
980,0.8,1,0.888889
981,0.529412,1,0.692308
982,0.6,1,0.75
983,0.692308,1,0.818182
984,0.692308,1,0.818182
985,1,1,1
986,1,1,1
987,0.833333,1,0.909091
988,0.9,1,0.947368
989,0.9,1,0.947368
990,0.45,1,0.62069
991,0.888889,1,0.941176
992,0.304348,0.777778,0.4375
993,0.571429,1,0.727273
994,1,1,1
995,0.0151261,1,0.0298013
996,0.9,1,0.947368
997,0.428571,1,0.6
998,0.0833333,1,0.153846
999,0.380952,1,0.551724
1000,0.0250896,1,0.048951
1001,0.9,1,0.947368
1002,0.9,1,0.947368
1003,0.8,1,0.888889
1004,0.692308,1,0.818182
1005,1,1,1
1006,0.571429,1,0.727273
1007,1,1,1
1008,0.9,1,0.947368
1009,1,1,1
1010,0.818182,1,0.9
1011,0.5,1,0.666667
1012,0.714286,1,0.833333
1013,1,1,1
1014,0.642857,1,0.782609
1015,0.875,1,0.933333
1016,0.818182,1,0.9
1017,0.0019527,1,0.00389779
1018,0.9,1,0.947368
1019,1,1,1
1020,0.777778,1,0.875
1021,1,1,1
1022,0.888889,1,0.941176
1023,0.6,1,0.75
1024,0.888889,0.888889,0.888889
1025,0.5625,1,0.72
1026,0.00769889,1,0.0152801
1027,0.6,1,0.75
1028,0.7,1,0.823529
1029,0.9,1,0.947368
1030,0.8,0.888889,0.842105
1031,0.5,1,0.666667
1032,0.636364,1,0.777778
1033,0.777778,1,0.875
1034,0.00712025,1,0.0141398
1035,0.75,0.666667,0.705882
1036,0.888889,0.888889,0.888889
1037,0.818182,1,0.9
1038,0.6,1,0.75
1039,0.8,0.888889,0.842105
1040,0.8,0.888889,0.842105
1041,0.615385,1,0.761905
1042,0.642857,1,0.782609
1043,0.9,1,0.947368
1044,0.571429,1,0.727273
1045,0.818182,1,0.9
1046,0.888889,1,0.941176
1047,0.109756,1,0.197802
1048,0.692308,1,0.818182
1049,0.888889,1,0.941176
1050,0.0140625,1,0.027735
1051,0.45,1,0.62069
1052,0.692308,1,0.818182
1053,0.818182,1,0.9
1054,0.692308,1,0.818182
1055,0.9,1,0.947368
1056,0.642857,1,0.782609
1057,0.533333,1,0.695652
1058,0.428571,1,0.6
1059,0.7,1,0.823529
1060,0.75,1,0.857143
1061,0.545455,1,0.705882
1062,1,1,1
1063,0.692308,1,0.818182
1064,0.375,1,0.545455
1065,0.818182,1,0.9
1066,0.333333,1,0.5
1067,0.642857,1,0.782609
1068,0.391304,1,0.5625
1069,0.9,1,0.947368
1070,1,0.888889,0.941176
1071,0.9,1,0.947368
1072,1,1,1
1073,1,1,1
1074,0.173077,1,0.295082
1075,0.391304,1,0.5625
1076,0.777778,1,0.875
1077,0.777778,1,0.875
1078,0.228571,1,0.372093
1079,0.0588235,1,0.111111
1080,1,1,1
1081,0.75,1,0.857143
1082,0.857143,0.857143,0.857143
1083,0.777778,0.875,0.823529
1084,0.888889,1,0.941176
1085,0.45,1,0.62069
1086,0.75,1,0.857143
1087,0.8,0.888889,0.842105
1088,0.9,1,0.947368
1089,1,1,1
1090,0.888889,0.888889,0.888889
1091,0.818182,1,0.9
1092,0.7,1,0.823529
1093,0.9,1,0.947368
1094,0.642857,1,0.782609
1095,0.176471,1,0.3
1096,0.75,1,0.857143
1097,0.888889,1,0.941176
1098,0.5,1,0.666667
1099,0.818182,1,0.9
1100,1,1,1
1101,0.00844278,1,0.0167442
1102,1,1,1
1103,0.444444,0.888889,0.592593
1104,0.9,1,0.947368
1105,0.529412,1,0.692308
1106,0.75,1,0.857143
1107,0.9,1,0.947368
1108,0.75,1,0.857143
1109,0.0167286,1,0.0329068
1110,0.666667,1,0.8
1111,0.9,1,0.947368
1112,0.47619,1,0.645161
1113,0.040724,1,0.0782609
1114,0.818182,0.9,0.857143
1115,0.666667,1,0.8
1116,0.9,0.9,0.9
1117,0.769231,1,0.869565
1118,0.875,1,0.933333
1119,0.9,0.9,0.9
1120,0.357143,1,0.526316
1121,0.833333,1,0.909091
1122,0.833333,1,0.909091
1123,0.833333,1,0.909091
1124,0.666667,1,0.8
1125,1,1,1
1126,0.909091,1,0.952381
1127,0.833333,1,0.909091
1128,0.833333,1,0.909091
1129,0.909091,1,0.952381
1130,0.6,1,0.75
1131,0.909091,1,0.952381
1132,0.5,1,0.666667
1133,0.526316,1,0.689655
1134,0.75,1,0.857143
1135,1,1,1
1136,0.277778,1,0.434783
1137,0.277778,1,0.434783
1138,0.75,0.9,0.818182
1139,1,1,1
1140,0.538462,1,0.7
1141,0.0909091,1,0.166667
1142,1,0.9,0.947368
1143,0.36,1,0.529412
1144,0.9,0.9,0.9
1145,1,0.7,0.823529
1146,0.818182,0.9,0.857143
1147,0.75,1,0.857143
1148,0.888889,1,0.941176
1149,0.888889,0.888889,0.888889
1150,0.777778,1,0.875
1151,0.818182,1,0.9
1152,1,1,1
1153,0.666667,1,0.8
1154,0.769231,1,0.869565
1155,0.169492,1,0.289855
1156,1,1,1
1157,0.818182,0.9,0.857143
1158,0.588235,1,0.740741
1159,0.151515,1,0.263158
1160,1,1,1
1161,0.9,1,0.947368
1162,0.144928,1,0.253165
1163,0.692308,1,0.818182
1164,0.6,1,0.75
1165,0.714286,1,0.833333
1166,0.666667,1,0.8
1167,1,1,1
1168,0.833333,1,0.909091
1169,0.243902,1,0.392157
1170,0.588235,1,0.740741
1171,0.5,1,0.666667
1172,0.818182,1,0.9
1173,0.151515,1,0.263158
1174,1,1,1
1175,0.692308,0.9,0.782609
1176,0.692308,0.9,0.782609
1177,1,1,1
1178,0.769231,1,0.869565
1179,0.185185,1,0.3125
1180,1,1,1
1181,0.777778,1,0.875
1182,0.909091,1,0.952381
1183,0.0108814,1,0.0215285
1184,0.538462,1,0.7
1185,0.109756,1,0.197802
1186,0.8,1,0.888889
1187,0.45,0.9,0.6
1188,0.75,1,0.857143
1189,1,1,1
1190,0.833333,1,0.909091
1191,0.833333,1,0.909091
1192,1,0.625,0.769231
1193,0.769231,1,0.869565
1194,0.714286,1,0.833333
1195,0.00669344,1,0.0132979
1196,0.875,0.875,0.875
1197,1,1,1
1198,0.00130208,1,0.00260078
1199,0.625,1,0.769231
1200,0.5625,0.9,0.692308
1201,1,0.857143,0.923077
1202,0.75,0.9,0.818182
1203,0.9,1,0.947368
1204,0.769231,1,0.869565
1205,1,1,1
1206,1,1,1
1207,1,1,1
1208,0.666667,1,0.8
1209,0.473684,0.9,0.62069
1210,0.318182,0.777778,0.451613
1211,0.833333,1,0.909091
1212,0.11236,1,0.20202
1213,0.8,1,0.888889
1214,0.909091,1,0.952381
1215,0.909091,1,0.952381
1216,0.909091,1,0.952381
1217,0.769231,1,0.869565
1218,0.833333,1,0.909091
1219,0.0769231,1,0.142857
1220,0.0485437,1,0.0925926
1221,0.714286,1,0.833333
1222,1,1,1
1223,0.222222,1,0.363636
1224,0.444444,1,0.615385
1225,0.0218069,1,0.0426829
1226,0.0078329,1,0.015544
1227,0.666667,1,0.8
1228,0.909091,1,0.952381
1229,0.666667,1,0.8
1230,0.111111,1,0.2
1231,0.00788782,1,0.0156522
1232,0.692308,0.9,0.782609
1233,0.714286,1,0.833333
1234,0.454545,1,0.625
1235,0.888889,0.8,0.842105
1236,0.333333,1,0.5
1237,0.529412,1,0.692308
1238,0.642857,1,0.782609
1239,0.692308,0.9,0.782609
1240,0.0094518,1,0.0187266
1241,0.909091,1,0.952381
1242,0.636364,1,0.777778
1243,0.642857,1,0.782609
1244,1,1,1
1245,0.769231,1,0.869565
1246,0.9,1,0.947368
1247,0.588235,1,0.740741
1248,0.0666667,1,0.125
1249,0.333333,1,0.5
1250,0.75,1,0.857143
1251,0.818182,1,0.9
1252,0.833333,1,0.909091
1253,0.777778,1,0.875
1254,1,0.9,0.947368
1255,0.666667,1,0.8
1256,1,1,1
1257,0.5625,0.9,0.692308
1258,0.204082,1,0.338983
1259,0.8,0.888889,0.842105
1260,0.571429,1,0.727273
1261,0.625,1,0.769231
1262,0.75,0.9,0.818182
1263,0.044843,1,0.0858369
1264,0.305556,1,0.468085
1265,0.769231,1,0.869565
1266,1,1,1
1267,0.588235,0.909091,0.714286
1268,0.785714,1,0.88
1269,0.846154,1,0.916667
1270,0.846154,1,0.916667
1271,0.846154,1,0.916667
1272,0.916667,1,0.956522
1273,0.00632911,1,0.0125786
1274,0.888889,1,0.941176
1275,0.785714,1,0.88
1276,0.0555556,1,0.105263
1277,0.022449,1,0.0439122
1278,0.733333,1,0.846154
1279,0.647059,1,0.785714
1280,0.857143,1,0.923077
1281,0.647059,1,0.785714
1282,0.333333,0.818182,0.473684
1283,0.25,1,0.4
1284,0.916667,1,0.956522
1285,0.47619,0.909091,0.625
1286,0.9,1,0.947368
1287,0.444444,1,0.615385
1288,0.727273,1,0.842105
1289,1,1,1
1290,0.875,1,0.933333
1291,0.909091,0.909091,0.909091
1292,0.22449,1,0.366667
1293,0.916667,1,0.956522
1294,0.916667,1,0.956522
1295,0.666667,1,0.8
1296,0.380952,1,0.551724
1297,0.45,1,0.62069
1298,0.555556,0.909091,0.689655
1299,0.215686,1,0.354839
1300,1,1,1
1301,0.916667,1,0.956522
1302,0.454545,0.909091,0.606061
1303,0.846154,1,0.916667
1304,0.244444,1,0.392857
1305,0.244444,1,0.392857
1306,0.625,1,0.769231
1307,1,0.909091,0.952381
1308,0.555556,0.909091,0.689655
1309,1,1,1
1310,1,1,1
1311,0.916667,1,0.956522
1312,0.769231,1,0.869565
1313,0.846154,1,0.916667
1314,0.846154,1,0.916667
1315,0.9,0.9,0.9
1316,0.22449,1,0.366667
1317,0.846154,1,0.916667
1318,1,1,1
1319,0.478261,1,0.647059
1320,0.75,0.9,0.818182
1321,1,1,1
1322,0.733333,1,0.846154
1323,1,1,1
1324,0.6875,1,0.814815
1325,0.571429,0.888889,0.695652
1326,0.571429,0.888889,0.695652
1327,0.5625,1,0.72
1328,0.08,0.909091,0.147059
1329,0.297297,1,0.458333
1330,0.45,1,0.62069
1331,0.733333,1,0.846154
1332,0.529412,1,0.692308
1333,1,1,1
1334,0.00634633,1,0.0126126
1335,0.916667,1,0.956522
1336,0.135802,1,0.23913
1337,0.647059,1,0.785714
1338,0.733333,1,0.846154
1339,0.75,0.9,0.818182
1340,0.818182,0.9,0.857143
1341,1,0.818182,0.9
1342,1,1,1
1343,1,1,1
1344,0.6875,1,0.814815
1345,0.6875,1,0.814815
1346,0.00879121,1,0.0174292
1347,0.134146,1,0.236559
1348,0.5,1,0.666667
1349,0.578947,1,0.733333
1350,0.010157,1,0.0201097
1351,1,0.9,0.947368
1352,0.9,0.818182,0.857143
1353,0.777778,1,0.875
1354,1,0.8,0.888889
1355,1,1,1
1356,0.384615,1,0.555556
1357,0.55,1,0.709677
1358,0.5,0.909091,0.645161
1359,0.846154,1,0.916667
1360,0.785714,1,0.88
1361,0.666667,1,0.8
1362,0.00600601,1,0.0119403
1363,0.785714,1,0.88
1364,0.846154,1,0.916667
1365,0.846154,1,0.916667
1366,1,0.727273,0.842105
1367,0.692308,1,0.818182
1368,0.846154,1,0.916667
1369,0.833333,0.909091,0.869565
1370,0.0283505,1,0.0551378
1371,0.846154,1,0.916667
1372,0.458333,1,0.628571
1373,0.588235,1,0.740741
1374,0.478261,1,0.647059
1375,0.434783,1,0.606061
1376,0.615385,0.888889,0.727273
1377,0.846154,1,0.916667
1378,0.909091,0.909091,0.909091
1379,0.294118,0.909091,0.444444
1380,0.323529,1,0.488889
1381,0.909091,0.909091,0.909091
1382,0.9,0.9,0.9
1383,0.733333,1,0.846154
1384,0.473684,1,0.642857
1385,0.13253,1,0.234043
1386,0.25,0.9,0.391304
1387,0.875,1,0.933333
1388,0.526316,1,0.689655
1389,0.217391,1,0.357143
1390,1,0.9,0.947368
1391,0.916667,1,0.956522
1392,0.611111,1,0.758621
1393,0.588235,0.909091,0.714286
1394,0.0763889,1,0.141935
1395,0.846154,1,0.916667
1396,0.916667,1,0.956522
1397,0.164384,1,0.282353
1398,0.6,1,0.75
1399,0.857143,1,0.923077
1400,0.0387324,1,0.0745763
1401,0.846154,1,0.916667
1402,1,1,1
1403,0.857143,1,0.923077
1404,0.578947,0.916667,0.709677
1405,0.777778,0.875,0.823529
1406,0.55,1,0.709677
1407,1,1,1
1408,0.55,0.916667,0.6875
1409,0.857143,1,0.923077
1410,0.857143,1,0.923077
1411,0.7,1,0.823529
1412,0.03367,1,0.0651466
1413,0.8,1,0.888889
1414,0.888889,1,0.941176
1415,0.875,1,0.933333
1416,0.5,0.909091,0.645161
1417,0.846154,1,0.916667
1418,0.0112045,1,0.0221607
1419,0.125,1,0.222222
1420,0.923077,1,0.96
1421,0.909091,0.909091,0.909091
1422,0.6,1,0.75
1423,0.48,1,0.648649
1424,0.588235,0.909091,0.714286
1425,0.571429,1,0.727273
1426,0.75,1,0.857143
1427,1,1,1
1428,0.0333333,1,0.0645161
1429,0.733333,1,0.846154
1430,0.909091,1,0.952381
1431,0.857143,1,0.923077
1432,0.157895,1,0.272727
1433,0.545455,1,0.705882
1434,0.4,1,0.571429
1435,0.923077,1,0.96
1436,0.705882,1,0.827586
1437,1,0.916667,0.956522
1438,1,1,1
1439,0.8,1,0.888889
1440,0.923077,1,0.96
1441,0.20339,1,0.338028
1442,0.75,1,0.857143
1443,0.00675676,1,0.0134228
1444,0.769231,0.833333,0.8
1445,0.8,0.888889,0.842105
1446,0.631579,1,0.774194
1447,0.631579,1,0.774194
1448,0.777778,1,0.875
1449,1,1,1
1450,0.545455,1,0.705882
1451,0.631579,1,0.774194
1452,0.846154,0.916667,0.88
1453,0.705882,1,0.827586
1454,0.888889,1,0.941176
1455,0.923077,1,0.96
1456,0.578947,1,0.733333
1457,0.324324,1,0.489796
1458,0.888889,1,0.941176
1459,0.255319,1,0.40678
1460,0.733333,1,0.846154
1461,0.642857,0.9,0.75
1462,0.282051,0.916667,0.431373
1463,1,1,1
1464,0.857143,1,0.923077
1465,0.9,1,0.947368
1466,0.846154,0.916667,0.88
1467,0.0234834,1,0.0458891
1468,0.923077,1,0.96
1469,0.8,1,0.888889
1470,0.75,1,0.857143
1471,0.292683,1,0.45283
1472,0.8,1,0.888889
1473,0.857143,1,0.923077
1474,0.857143,1,0.923077
1475,0.5625,1,0.72
1476,0.116505,1,0.208696
1477,0.454545,0.833333,0.588235
1478,0.184615,1,0.311688
1479,0.454545,0.909091,0.606061
1480,0.444444,1,0.615385
1481,0.666667,1,0.8
1482,0.0104076,1,0.0206009
1483,1,0.0909091,0.166667
1484,0.521739,1,0.685714
1485,0.47619,1,0.645161
1486,0.666667,1,0.8
1487,0.615385,1,0.761905
1488,0.75,1,0.857143
1489,0.9,1,0.947368
1490,0.769231,0.833333,0.8
1491,1,1,1
1492,0.0540541,1,0.102564
1493,0.28125,1,0.439024
1494,1,1,1
1495,0.846154,1,0.916667
1496,0.578947,1,0.733333
1497,0.631579,1,0.774194
1498,0.111111,1,0.2
1499,0.8,1,0.888889
1500,0.875,1,0.933333
1501,0.916667,0.916667,0.916667
1502,0.666667,1,0.8
1503,0.857143,1,0.923077
1504,0.571429,1,0.727273
1505,0.6,1,0.75
1506,0.8,1,0.888889
1507,0.923077,1,0.96
1508,0.5,1,0.666667
1509,0.323529,1,0.488889
1510,0.785714,0.916667,0.846154
1511,0.846154,1,0.916667
1512,1,1,1
1513,0.647059,1,0.785714
1514,0.571429,1,0.727273
1515,0.631579,1,0.774194
1516,0.857143,1,0.923077
1517,0.8,1,0.888889
1518,0.666667,0.857143,0.75
1519,1,1,1
1520,1,1,1
1521,1,1,1
1522,1,1,1
1523,1,1,1
1524,0.444444,1,0.615385
1525,0.6,1,0.75
1526,0.444444,1,0.615385
1527,0.37037,0.833333,0.512821
1528,0.875,1,0.933333
1529,0.909091,0.833333,0.869565
1530,0.714286,0.416667,0.526316
1531,0.857143,1,0.923077
1532,0.00469263,1,0.00934143
1533,0.8,1,0.888889
1534,1,1,1
1535,1,0.9,0.947368
1536,0.0606061,1,0.114286
1537,0.545455,1,0.705882
1538,0.545455,1,0.705882
1539,0.235294,1,0.380952
1540,0.444444,1,0.615385
1541,0.714286,0.833333,0.769231
1542,0.4,1,0.571429
1543,0.184615,1,0.311688
1544,1,1,1
1545,0.785714,1,0.88
1546,1,1,1
1547,0.722222,1,0.83871
1548,0.65,1,0.787879
1549,0.684211,1,0.8125
1550,0.382353,1,0.553191
1551,0.764706,1,0.866667
1552,0.928571,1,0.962963
1553,0.8,1,0.888889
1554,0.928571,1,0.962963
1555,0.866667,1,0.928571
1556,0.928571,1,0.962963
1557,0.375,1,0.545455
1558,0.866667,1,0.928571
1559,0.392857,1,0.564103
1560,0.818182,1,0.9
1561,1,1,1
1562,0.818182,1,0.9
1563,0.478261,1,0.647059
1564,0.578947,1,0.733333
1565,0.866667,1,0.928571
1566,0.764706,1,0.866667
1567,0.692308,0.9,0.782609
1568,0.833333,0.769231,0.8
1569,0.666667,0.923077,0.774194
1570,0.666667,0.923077,0.774194
1571,0.684211,1,0.8125
1572,1,1,1
1573,0.722222,1,0.83871
1574,0.722222,1,0.83871
1575,0.833333,1,0.909091
1576,0.857143,0.923077,0.888889
1577,1,1,1
1578,0.619048,1,0.764706
1579,0.4,0.923077,0.55814
1580,0.106557,1,0.192593
1581,0.785714,0.846154,0.814815
1582,0.833333,0.909091,0.869565
1583,0.625,0.909091,0.740741
1584,0.857143,1,0.923077
1585,0.6,1,0.75
1586,0.6875,0.916667,0.785714
1587,0.619048,1,0.764706
1588,0.928571,1,0.962963
1589,0.923077,1,0.96
1590,0.9,1,0.947368
1591,0.464286,1,0.634146
1592,0.52,1,0.684211
1593,0.545455,0.923077,0.685714
1594,0.818182,1,0.9
1595,0.8125,1,0.896552
1596,0.481481,1,0.65
1597,0.8125,1,0.896552
1598,0.928571,1,0.962963
1599,0.764706,1,0.866667
1600,0.110169,1,0.198473
1601,0.666667,0.833333,0.740741
1602,0.180328,0.846154,0.297297
1603,0.481481,1,0.65
1604,0.916667,0.916667,0.916667
1605,0.65,1,0.787879
1606,0.8,1,0.888889
1607,0.55,1,0.709677
1608,0.619048,1,0.764706
1609,0.857143,1,0.923077
1610,0.631579,1,0.774194
1611,0.135417,1,0.238532
1612,0.764706,1,0.866667
1613,0.619048,1,0.764706
1614,0.923077,0.923077,0.923077
1615,1,1,1
1616,0.866667,1,0.928571
1617,0.9,0.75,0.818182
1618,0.571429,1,0.727273
1619,0.846154,0.846154,0.846154
1620,0.444444,0.923077,0.6
1621,1,0.923077,0.96
1622,0.846154,1,0.916667
1623,0.619048,1,0.764706
1624,0.846154,1,0.916667
1625,0.846154,1,0.916667
1626,1,1,1
1627,1,0.615385,0.761905
1628,0.52,1,0.684211
1629,0.923077,1,0.96
1630,0.75,1,0.857143
1631,0.230769,1,0.375
1632,0.292683,0.923077,0.444444
1633,0.541667,1,0.702703
1634,0.107843,1,0.19469
1635,0.928571,1,0.962963
1636,0.481481,1,0.65
1637,0.254902,1,0.40625
1638,0.666667,1,0.8
1639,0.666667,0.923077,0.774194
1640,0.916667,0.916667,0.916667
1641,0.764706,1,0.866667
1642,0.8,0.615385,0.695652
1643,0.866667,1,0.928571
1644,0.714286,0.833333,0.769231
1645,0.818182,1,0.9
1646,0.307692,0.923077,0.461538
1647,0.171429,0.923077,0.289157
1648,0.666667,0.923077,0.774194
1649,0.324324,1,0.489796
1650,0.309524,1,0.472727
1651,0.928571,1,0.962963
1652,0.478261,0.916667,0.628571
1653,0.909091,1,0.952381
1654,0.565217,1,0.722222
1655,0.857143,0.923077,0.888889
1656,0.9,1,0.947368
1657,0.727273,1,0.842105
1658,0.52,1,0.684211
1659,0.166667,1,0.285714
1660,0.666667,1,0.8
1661,0.146067,1,0.254902
1662,0.52,1,0.684211
1663,0.928571,1,0.962963
1664,0.928571,1,0.962963
1665,0.857143,1,0.923077
1666,0.666667,1,0.8
1667,0.276596,1,0.433333
1668,0.433333,1,0.604651
1669,1,1,1
1670,0.866667,1,0.928571
1671,0.361111,1,0.530612
1672,0.019174,1,0.0376266
1673,1,0.875,0.933333
1674,0.625,1,0.769231
1675,0.833333,1,0.909091
1676,0.0121382,1,0.0239852
1677,0.833333,0.769231,0.8
1678,0.75,1,0.857143
1679,0.928571,1,0.962963
1680,0.909091,0.833333,0.869565
1681,0.2,1,0.333333
1682,0.571429,1,0.727273
1683,0.0351438,1,0.0679012
1684,0.631579,1,0.774194
1685,0.5,1,0.666667
1686,0.088,0.846154,0.15942
1687,0.52,1,0.684211
1688,0.521739,0.923077,0.666667
1689,0.137255,1,0.241379
1690,1,1,1
1691,0.714286,0.714286,0.714286
1692,1,1,1
1693,0.8125,0.928571,0.866667
1694,1,1,1
1695,0.8,1,0.888889
1696,0.933333,1,0.965517
1697,0.0909091,1,0.166667
1698,0.590909,0.928571,0.722222
1699,1,1,1
1700,0.333333,1,0.5
1701,1,1,1
1702,1,0.846154,0.916667
1703,0.777778,1,0.875
1704,0.823529,1,0.903226
1705,0.75,1,0.857143
1706,0.857143,0.923077,0.888889
1707,1,0.857143,0.923077
1708,0.933333,1,0.965517
1709,0.823529,1,0.903226
1710,0.571429,1,0.727273
1711,0.923077,1,0.96
1712,0.342105,1,0.509804
1713,0.823529,1,0.903226
1714,1,1,1
1715,1,1,1
1716,0.541667,1,0.702703
1717,0.8125,0.928571,0.866667
1718,1,1,1
1719,0.866667,0.928571,0.896552
1720,0.6875,1,0.814815
1721,0.0902778,1,0.165605
1722,0.909091,1,0.952381
1723,0.875,1,0.933333
1724,0.727273,0.888889,0.8
1725,0.25,0.928571,0.393939
1726,0.631579,1,0.774194
1727,0.325581,1,0.491228
1728,0.846154,1,0.916667
1729,1,1,1
1730,0.424242,1,0.595745
1731,0.8125,1,0.896552
1732,0.608696,1,0.756757
1733,0.857143,1,0.923077
1734,0.302326,0.928571,0.45614
1735,0.875,1,0.933333
1736,0.933333,1,0.965517
1737,1,1,1
1738,0.341463,1,0.509091
1739,0.371429,0.928571,0.530612
1740,0.823529,1,0.903226
1741,1,0.909091,0.952381
1742,0.168675,1,0.28866
1743,0.411765,1,0.583333
1744,0.9,0.9,0.9
1745,0.923077,1,0.96
1746,1,1,1
1747,0.823529,1,0.903226
1748,0.37931,1,0.55
1749,1,1,1
1750,0.8125,0.928571,0.866667
1751,0.0833333,0.0714286,0.0769231
1752,0.933333,1,0.965517
1753,0.875,1,0.933333
1754,0.875,1,0.933333
1755,0.777778,1,0.875
1756,1,1,1
1757,0.388889,1,0.56
1758,0.933333,1,0.965517
1759,0.928571,0.928571,0.928571
1760,0.928571,0.928571,0.928571
1761,0.054902,1,0.104089
1762,0.818182,0.818182,0.818182
1763,0.666667,1,0.8
1764,0.333333,1,0.5
1765,0.451613,1,0.622222
1766,0.928571,0.928571,0.928571
1767,0.75,0.692308,0.72
1768,0.6875,0.916667,0.785714
1769,0.4,1,0.571429
1770,0.933333,1,0.965517
1771,0.933333,1,0.965517
1772,0.52,1,0.684211
1773,0.833333,1,0.909091
1774,0.7,1,0.823529
1775,1,1,1
1776,0.0853659,1,0.157303
1777,1,0.714286,0.833333
1778,0.631579,1,0.774194
1779,0.464286,1,0.634146
1780,0.666667,1,0.8
1781,0.590909,1,0.742857
1782,0.722222,0.928571,0.8125
1783,0.75,0.857143,0.8
1784,0.215385,1,0.35443
1785,0.866667,1,0.928571
1786,0.4375,1,0.608696
1787,0.518519,1,0.682927
1788,0.526316,1,0.689655
1789,1,1,1
1790,0.518519,1,0.682927
1791,1,1,1
1792,0.169014,1,0.289157
1793,1,0.785714,0.88
1794,0.208955,1,0.345679
1795,0.764706,1,0.866667
1796,0.5,1,0.666667
1797,0.736842,1,0.848485
1798,0.306122,1,0.46875
1799,0.378378,1,0.54902
1800,1,1,1
1801,0.65,0.928571,0.764706
1802,0.652174,1,0.789474
1803,1,1,1
1804,0.818182,0.692308,0.75
1805,0.0511945,1,0.0974026
1806,0.75,1,0.857143
1807,0.0967742,0.857143,0.173913
1808,0.684211,0.866667,0.764706
1809,1,1,1
1810,0.555556,1,0.714286
1811,0.441176,1,0.612245
1812,0.866667,1,0.928571
1813,0.785714,0.916667,0.846154
1814,0.0385604,1,0.0742574
1815,0.8,0.923077,0.857143
1816,0.636364,0.933333,0.756757
1817,0.681818,1,0.810811
1818,0.8125,0.928571,0.866667
1819,0.764706,1,0.866667
1820,0.0704225,1,0.131579
1821,0.0742574,1,0.138249
1822,0.882353,1,0.9375
1823,0.777778,1,0.875
1824,0.714286,1,0.833333
1825,0.625,1,0.769231
1826,0.0420168,1,0.0806452
1827,0.882353,1,0.9375
1828,0.153061,1,0.265487
1829,0.666667,1,0.8
1830,0.8125,1,0.896552
1831,0.789474,1,0.882353
1832,0.833333,1,0.909091
1833,0.681818,1,0.810811
1834,0.405405,1,0.576923
1835,0.0847458,1,0.15625
1836,0.518519,1,0.682927
1837,0.555556,1,0.714286
1838,1,0.866667,0.928571
1839,0.866667,0.866667,0.866667
1840,0.254237,1,0.405405
1841,0.733333,0.846154,0.785714
1842,1,1,1
1843,0.112782,1,0.202703
1844,0.625,1,0.769231
1845,0.823529,1,0.903226
1846,1,0.875,0.933333
1847,0.0765306,1,0.14218
1848,0.764706,0.928571,0.83871
1849,0.333333,1,0.5
1850,0.538462,0.933333,0.682927
1851,0.882353,1,0.9375
1852,0.578947,0.733333,0.647059
1853,1,1,1
1854,0.5,0.866667,0.634146
1855,0.202703,1,0.337079
1856,0.8125,0.866667,0.83871
1857,0.714286,1,0.833333
1858,1,1,1
1859,0.681818,1,0.810811
1860,0.535714,1,0.697674
1861,0.157303,0.933333,0.269231
1862,0.441176,1,0.612245
1863,1,1,1
1864,0.478261,1,0.647059
1865,1,0.733333,0.846154
1866,0.882353,1,0.9375
1867,0.625,1,0.769231
1868,0.9375,1,0.967742
1869,0.0735294,1,0.136986
1870,0.882353,1,0.9375
1871,0.9375,1,0.967742
1872,0.833333,1,0.909091
1873,0.405405,1,0.576923
1874,0.365854,1,0.535714
1875,0.933333,0.933333,0.933333
1876,0.625,1,0.769231
1877,0.625,1,0.769231
1878,0.923077,1,0.96
1879,0.535714,1,0.697674
1880,0.928571,1,0.962963
1881,1,1,1
1882,0.789474,1,0.882353
1883,0.0802139,1,0.148515
1884,0.75,1,0.857143
1885,0.176471,1,0.3
1886,0.9375,1,0.967742
1887,0.466667,0.933333,0.622222
1888,0.0666667,1,0.125
1889,0.0979021,0.933333,0.177215
1890,0.933333,1,0.965517
1891,0.56,1,0.717949
1892,0.48,0.923077,0.631579
1893,0.933333,0.933333,0.933333
1894,1,1,1
1895,0.104167,1,0.188679
1896,0.576923,1,0.731707
1897,0.833333,1,0.909091
1898,0.882353,1,0.9375
1899,0.75,1,0.857143
1900,0.555556,1,0.714286
1901,0.6,1,0.75
1902,0.777778,0.933333,0.848485
1903,0.101266,1,0.183908
1904,0.684211,1,0.8125
1905,0.923077,0.857143,0.888889
1906,0.0711111,1,0.13278
1907,0.428571,1,0.6
1908,0.170213,1,0.290909
1909,0.857143,1,0.923077
1910,0.75,1,0.857143
1911,0.941176,1,0.969697
1912,0.8,1,0.888889
1913,0.4,1,0.571429
1914,0.277778,0.9375,0.428571
1915,0.483871,0.9375,0.638298
1916,1,1,1
1917,0.0675105,1,0.126482
1918,0.882353,1,0.9375
1919,0.666667,0.75,0.705882
1920,0.882353,1,0.9375
1921,0.0627451,1,0.118081
1922,0.159574,0.9375,0.272727
1923,0.0308285,1,0.0598131
1924,0.8,1,0.888889
1925,1,0.0625,0.117647
1926,0.8,1,0.888889
1927,0.5,0.9375,0.652174
1928,0.461538,0.857143,0.6
1929,0.0914634,1,0.167598
1930,0.818182,0.818182,0.818182
1931,0.125,1,0.222222
1932,0.666667,1,0.8
1933,0.888889,0.888889,0.888889
1934,0.636364,0.875,0.736842
1935,0.666667,1,0.8
1936,0.470588,1,0.64
1937,0.888889,1,0.941176
1938,0.695652,1,0.820513
1939,1,1,1
1940,1,1,1
1941,0.172043,1,0.293578
1942,0.16129,1,0.277778
1943,0.727273,1,0.842105
1944,0.666667,1,0.8
1945,0.0501567,1,0.0955224
1946,0.56,0.933333,0.7
1947,0.842105,1,0.914286
1948,0.615385,1,0.761905
1949,0.258621,0.9375,0.405405
1950,0.4,1,0.571429
1951,0.882353,0.9375,0.909091
1952,0.0993789,1,0.180791
1953,0.441176,1,0.612245
1954,0.470588,1,0.64
1955,0.875,1,0.933333
1956,0.56,1,0.717949
1957,0.9375,0.9375,0.9375
1958,0.888889,1,0.941176
1959,0.75,0.9375,0.833333
1960,0.8,1,0.888889
1961,0.14433,0.933333,0.25
1962,0.75,1,0.857143
1963,0.533333,1,0.695652
1964,0.280702,1,0.438356
1965,0.923077,1,0.96
1966,0.484848,1,0.653061
1967,0.666667,0.933333,0.777778
1968,0.8,1,0.888889
1969,0.428571,0.9375,0.588235
1970,0.432432,1,0.603774
1971,0.888889,1,0.941176
1972,0.592593,1,0.744186
1973,0.355556,1,0.52459
1974,0.551724,1,0.711111
1975,0.866667,0.928571,0.896552
1976,0.340426,1,0.507937
1977,0.5,1,0.666667
1978,0.0357942,1,0.0691145
1979,0.888889,1,0.941176
1980,0.941176,1,0.969697
1981,0.285714,1,0.444444
1982,0.928571,1,0.962963
1983,0.319149,1,0.483871
1984,0.928571,1,0.962963
1985,0.365854,1,0.535714
1986,0.846154,1,0.916667
1987,0.56,0.933333,0.7
1988,0.615385,1,0.761905
1989,0.0588235,1,0.111111
1990,0.875,0.933333,0.903226
1991,0.0375587,1,0.0723982
1992,0.538462,0.875,0.666667
1993,0.846154,0.733333,0.785714
1994,0.342105,0.8125,0.481481
1995,0.8,1,0.888889
1996,0.0914286,1,0.167539
1997,0.842105,1,0.914286
1998,0.727273,1,0.842105
1999,0.291667,0.4375,0.35
2000,0.666667,1,0.8
2001,0.535714,1,0.697674
2002,0.592593,1,0.744186
2003,0.263158,1,0.416667
2004,0.153061,1,0.265487
2005,0.941176,1,0.969697
2006,0.0972222,1,0.177215
2007,0.56,1,0.717949
2008,0.833333,0.9375,0.882353
2009,0.789474,1,0.882353
2010,0.75,0.857143,0.8
2011,0.846154,0.846154,0.846154
2012,0.555556,1,0.714286
2013,0.695652,1,0.820513
2014,0.636364,0.875,0.736842
2015,1,1,1
2016,0.769231,1,0.869565
2017,0.75,1,0.857143
2018,0.9375,1,0.967742
2019,0.186047,1,0.313725
2020,0.00210526,1,0.00420168
2021,0.882353,1,0.9375
2022,0.576923,1,0.731707
2023,1,0.8125,0.896552
2024,0.941176,1,0.969697
2025,0.882353,1,0.9375
2026,0.372093,1,0.542373
2027,0.372093,1,0.542373
2028,0.941176,1,0.969697
2029,0.459459,1,0.62963
2030,0.944444,1,0.971429
2031,0.043771,1,0.083871
2032,0.9375,0.882353,0.909091
2033,0.894737,1,0.944444
2034,0.314815,1,0.478873
2035,0.242424,1,0.390244
2036,0.736842,0.933333,0.823529
2037,0.944444,1,0.971429
2038,0.459459,1,0.62963
2039,0.888889,1,0.941176
2040,0.459459,1,0.62963
2041,0.583333,1,0.736842
2042,0.190476,0.941176,0.316832
2043,0.516129,0.941176,0.666667
2044,0.107595,1,0.194286
2045,0.772727,1,0.871795
2046,0.941176,0.941176,0.941176
2047,0.521739,0.705882,0.6
2048,0.280702,0.941176,0.432432
2049,0.107595,1,0.194286
2050,0.809524,1,0.894737
2051,0.809524,1,0.894737
2052,0.809524,1,0.894737
2053,0.0266041,1,0.0518293
2054,0.303571,1,0.465753
2055,0.00504002,1,0.0100295
2056,0.833333,1,0.909091
2057,0.789474,0.882353,0.833333
2058,0.882353,0.882353,0.882353
2059,0.809524,1,0.894737
2060,1,0.882353,0.9375
2061,0.933333,0.933333,0.933333
2062,0.00134273,1,0.00268186
2063,0.8,0.941176,0.864865
2064,0.888889,0.941176,0.914286
2065,0.85,1,0.918919
2066,0.857143,1,0.923077
2067,1,1,1
2068,0.0607287,1,0.114504
2069,0.485714,1,0.653846
2070,0.197674,1,0.330097
2071,0.684211,1,0.8125
2072,1,1,1
2073,0.875,0.875,0.875
2074,0.772727,1,0.871795
2075,0.8,1,0.888889
2076,0.85,1,0.918919
2077,0.777778,0.875,0.823529
2078,0.625,1,0.769231
2079,0.0653846,1,0.122744
2080,1,1,1
2081,0.258621,0.9375,0.405405
2082,0.85,1,0.918919
2083,0.0854271,1,0.157407
2084,0.0705394,1,0.131783
2085,0.0798122,1,0.147826
2086,1,0.9375,0.967742
2087,0.485714,1,0.653846
2088,0.894737,1,0.944444
2089,0.894737,1,0.944444
2090,0.313725,1,0.477612
2091,0.888889,1,0.941176
2092,0.809524,1,0.894737
2093,0.197531,0.941176,0.326531
2094,0.037123,1,0.0715884
2095,0.941176,1,0.969697
2096,0.320755,1,0.485714
2097,0.168831,0.866667,0.282609
2098,0.636364,1,0.777778
2099,1,0.941176,0.969697
2100,0.326923,1,0.492754
2101,0.149123,1,0.259542
2102,0.625,0.9375,0.75
2103,0.625,0.9375,0.75
2104,0.6,0.882353,0.714286
2105,0.225352,0.941176,0.363636
2106,0.293103,1,0.453333
2107,0.258621,0.9375,0.405405
2108,0.85,1,0.918919
2109,0.653846,1,0.790698
2110,0.432432,1,0.603774
2111,0.75,1,0.857143
2112,0.85,1,0.918919
2113,0.607143,1,0.755556
2114,0.12782,1,0.226667
2115,0.941176,1,0.969697
2116,0.263158,0.882353,0.405405
2117,0.785714,0.647059,0.709677
2118,0.833333,0.9375,0.882353
2119,1,1,1
2120,0.842105,1,0.914286
2121,0.68,1,0.809524
2122,0.9375,0.9375,0.9375
2123,0.789474,1,0.882353
2124,0.361702,1,0.53125
2125,0.435897,1,0.607143
2126,0.535714,0.882353,0.666667
2127,0.435897,1,0.607143
2128,0.209877,1,0.346939
2129,0.515152,1,0.68
2130,0.214286,1,0.352941
2131,0.533333,0.941176,0.680851
2132,0.761905,1,0.864865
2133,0.5,1,0.666667
2134,0.9375,1,0.967742
2135,0.708333,1,0.829268
2136,0.0897436,1,0.164706
2137,0.769231,1,0.869565
2138,0.0744186,0.888889,0.137339
2139,1,1,1
2140,0.538462,0.933333,0.682927
2141,0.486486,1,0.654545
2142,0.425,0.944444,0.586207
2143,0.727273,0.888889,0.8
2144,0.169811,1,0.290323
2145,1,1,1
2146,0.85,0.944444,0.894737
2147,0.888889,0.941176,0.914286
2148,0.782609,1,0.878049
2149,0.772727,1,0.871795
2150,0.432432,0.888889,0.581818
2151,0.692308,1,0.818182
2152,0.309091,0.944444,0.465753
2153,0.586207,0.944444,0.723404
2154,0.85,0.944444,0.894737
2155,0.586207,0.944444,0.723404
2156,0.68,1,0.809524
2157,0.692308,0.818182,0.75
2158,1,0.882353,0.9375
2159,0.894737,1,0.944444
2160,1,0.875,0.933333
2161,0.9375,0.882353,0.909091
2162,0.484848,1,0.653061
2163,0.857143,1,0.923077
2164,0.239437,0.944444,0.382022
2165,0.666667,1,0.8
2166,0.9,1,0.947368
2167,0.354167,0.944444,0.515152
2168,0.818182,1,0.9
2169,1,0.944444,0.971429
2170,1,0.944444,0.971429
2171,0.372093,0.941176,0.533333
2172,0.62069,1,0.765957
2173,0.789474,1,0.882353
2174,0.230769,1,0.375
2175,0.9,1,0.947368
2176,0.642857,1,0.782609
2177,0.65,0.764706,0.702703
2178,0.157407,1,0.272
2179,0.947368,1,0.972973
2180,0.782609,1,0.878049
2181,0.5,1,0.666667
2182,0.409091,1,0.580645
2183,0.789474,0.882353,0.833333
2184,0.333333,1,0.5
2185,0.5625,1,0.72
2186,0.0437956,1,0.0839161
2187,0.55,1,0.709677
2188,0.545455,1,0.705882
2189,0.0431655,1,0.0827586
2190,0.0904523,1,0.165899
2191,1,1,1
2192,0.118881,0.944444,0.21118
2193,0.789474,1,0.882353
2194,0.00357569,1,0.00712589
2195,0.113924,1,0.204545
2196,0.147541,1,0.257143
2197,0.117647,1,0.210526
2198,0.0172414,1,0.0338983
2199,0.0614334,1,0.115756
2200,0.9375,0.833333,0.882353
2201,0.386364,1,0.557377
2202,0.8,0.75,0.774194
2203,0.928571,1,0.962963
2204,0.9,1,0.947368
2205,0.339623,1,0.507042
2206,0.180851,0.944444,0.303571
2207,0.944444,1,0.971429
2208,0.0724638,0.9375,0.134529
2209,0.818182,1,0.9
2210,0.789474,1,0.882353
2211,0.928571,0.928571,0.928571
2212,0.457143,0.888889,0.603774
2213,0.226667,1,0.369565
2214,0.947368,1,0.972973
2215,0.134328,1,0.236842
2216,0.9,1,0.947368
2217,0.62963,0.944444,0.755556
2218,0.818182,1,0.9
2219,1,0.923077,0.96
2220,0.888889,1,0.941176
2221,0.857143,1,0.923077
2222,0.4,1,0.571429
2223,0.692308,1,0.818182
2224,0.157895,1,0.272727
2225,0.625,1,0.769231
2226,0.947368,1,0.972973
2227,0.253521,1,0.404494
2228,0.941176,0.888889,0.914286
2229,0.75,1,0.857143
2230,0.2,1,0.333333
2231,0.652174,0.9375,0.769231
2232,0.944444,0.944444,0.944444
2233,0.761905,1,0.864865
2234,0.171429,1,0.292683
2235,0.95,1,0.974359
2236,0.5,0.894737,0.641509
2237,0.95,1,0.974359
2238,0.197917,1,0.330435
2239,0.75,1,0.857143
2240,0.9,0.947368,0.923077
2241,0.904762,1,0.95
2242,0.9375,1,0.967742
2243,0.484848,1,0.653061
2244,0.2,1,0.333333
2245,0.148148,1,0.258065
2246,0.9,0.947368,0.923077
2247,0.789474,1,0.882353
2248,0.772727,0.894737,0.829268
2249,0.575758,1,0.730769
2250,0.298246,1,0.459459
2251,0.703704,1,0.826087
2252,0.270833,1,0.42623
2253,0.590909,1,0.742857
2254,0.431818,1,0.603175
2255,0.132353,0.947368,0.232258
2256,0.473684,0.947368,0.631579
2257,0.315789,1,0.48
2258,0.5,0.947368,0.654545
2259,0.0286576,1,0.0557185
2260,0.432432,0.842105,0.571429
2261,0.565217,0.866667,0.684211
2262,0.120253,1,0.214689
2263,0.857143,1,0.923077
2264,0.904762,1,0.95
2265,0.933333,1,0.965517
2266,0.809524,1,0.894737
2267,0.25,0.736842,0.373333
2268,0.352941,1,0.521739
2269,1,1,1
2270,1,0.789474,0.882353
2271,1,0.944444,0.971429
2272,0.44186,1,0.612903
2273,0.933333,0.875,0.903226
2274,0.260274,1,0.413043
2275,0.655172,1,0.791667
2276,0.0829694,1,0.153226
2277,0.470588,0.941176,0.627451
2278,0.730769,1,0.844444
2279,0.615385,0.941176,0.744186
2280,1,0.818182,0.9
2281,0.818182,0.947368,0.878049
2282,0.777778,1,0.875
2283,0.24,0.947368,0.382979
2284,0.226667,0.944444,0.365591
2285,0.875,1,0.933333
2286,0.231707,1,0.376238
2287,0.818182,1,0.9
2288,1,0.888889,0.941176
2289,0.9,1,0.947368
2290,0.703704,1,0.826087
2291,0.842105,0.842105,0.842105
2292,0.515152,1,0.68
2293,0.928571,0.684211,0.787879
2294,0.730769,1,0.844444
2295,0.116564,1,0.208791
2296,0.76,1,0.863636
2297,0.791667,1,0.883721
2298,0.413043,1,0.584615
2299,0.461538,1,0.631579
2300,1,0.666667,0.8
2301,0.253333,1,0.404255
2302,0.117284,1,0.209945
2303,0.24,0.947368,0.382979
2304,0.367347,0.947368,0.529412
2305,0.68,0.894737,0.772727
2306,0.894737,0.894737,0.894737
2307,0.703704,1,0.826087
2308,0.655172,1,0.791667
2309,0.44186,1,0.612903
2310,0.44186,1,0.612903
2311,0.68,0.944444,0.790698
2312,0.76,1,0.863636
2313,0.95,1,0.974359
2314,0.772727,0.894737,0.829268
2315,0.9,0.947368,0.923077
2316,0.72,1,0.837209
2317,0.147541,0.947368,0.255319
2318,0.180952,1,0.306452
2319,0.527778,1,0.690909
2320,0.68,0.894737,0.772727
2321,0.486486,1,0.654545
2322,0.95,1,0.974359
2323,0.703704,1,0.826087
2324,0.863636,1,0.926829
2325,0.730769,1,0.844444
2326,0.351351,1,0.52
2327,1,0.736842,0.848485
2328,0.263889,1,0.417582
2329,0.0535211,1,0.101604
2330,0.9,0.947368,0.923077
2331,1,1,1
2332,0.3125,1,0.47619
2333,1,0.736842,0.848485
2334,0.692308,1,0.818182
2335,0.7,0.777778,0.736842
2336,0.3,1,0.461538
2337,0.95,1,0.974359
2338,0.306122,0.9375,0.461538
2339,0.833333,1,0.909091
2340,0.512821,1,0.677966
2341,0.708333,0.944444,0.809524
2342,0.95,1,0.974359
2343,0.857143,1,0.923077
2344,0.888889,0.842105,0.864865
2345,0.772727,0.944444,0.85
2346,1,0.941176,0.969697
2347,0.833333,1,0.909091
2348,1,1,1
2349,0.952381,1,0.97561
2350,0.545455,1,0.705882
2351,0.384615,1,0.555556
2352,0.285714,1,0.444444
2353,0.367347,1,0.537313
2354,0.0938967,1,0.171674
2355,0.0564972,1,0.106952
2356,0.0793651,1,0.147059
2357,1,1,1
2358,0.27027,1,0.425532
2359,0.542857,0.95,0.690909
2360,0.327869,1,0.493827
2361,0.0634921,1,0.119403
2362,0.791667,1,0.883721
2363,0.769231,1,0.869565
2364,1,0.9,0.947368
2365,0.818182,0.9,0.857143
2366,0.791667,1,0.883721
2367,0.234568,1,0.38
2368,0.95,0.95,0.95
2369,0.392157,1,0.56338
2370,0.293103,1,0.453333
2371,0.310345,0.9,0.461538
2372,1,0.55,0.709677
2373,0.615385,1,0.761905
2374,0.947368,1,0.972973
2375,1,1,1
2376,0.8,1,0.888889
2377,0.933333,0.933333,0.933333
2378,0.363636,1,0.533333
2379,0.0892019,1,0.163793
2380,0.571429,1,0.727273
2381,0.9375,0.789474,0.857143
2382,0.0341297,1,0.0660066
2383,0.933333,0.7,0.8
2384,0.408163,1,0.57971
2385,0.857143,1,0.923077
2386,0.722222,0.764706,0.742857
2387,0.097561,1,0.177778
2388,0.404255,1,0.575758
2389,1,1,1
2390,0.947368,1,0.972973
2391,0.526316,1,0.689655
2392,0.408163,1,0.57971
2393,0.655172,1,0.791667
2394,0.0696864,1,0.130293
2395,0.904762,1,0.95
2396,0.444444,0.8,0.571429
2397,0.857143,0.947368,0.9
2398,0.625,1,0.769231
2399,0.38,0.95,0.542857
2400,0.243902,1,0.392157
2401,0.0458716,1,0.0877193
2402,0.208333,1,0.344828
2403,0.645161,1,0.784314
2404,0.307692,1,0.470588
2405,0.487179,1,0.655172
2406,0.487179,1,0.655172
2407,0.386364,0.85,0.53125
2408,1,1,1
2409,0.695652,0.842105,0.761905
2410,0.0822511,0.95,0.151394
2411,0.372093,0.842105,0.516129
2412,0.0578035,1,0.10929
2413,0.18018,1,0.305344
2414,0.0311526,1,0.060423
2415,0.708333,0.894737,0.790698
2416,0.339286,0.95,0.5
2417,0.181818,1,0.307692
2418,0.0609756,1,0.114943
2419,0.833333,1,0.909091
2420,0.422222,1,0.59375
2421,0.714286,0.833333,0.769231
2422,0.8,0.888889,0.842105
2423,0.144,0.9,0.248276
2424,0.0245902,0.923077,0.0479042
2425,0.944444,1,0.971429
2426,1,1,1
2427,0.217391,1,0.357143
2428,0.580645,0.9,0.705882
2429,0.461538,0.947368,0.62069
2430,0.692308,1,0.818182
2431,0.952381,1,0.97561
2432,0.645161,1,0.784314
2433,0.866667,1,0.928571
2434,0.909091,1,0.952381
2435,0.9375,0.882353,0.909091
2436,0.527778,1,0.690909
2437,0.0134409,1,0.0265252
2438,0.0130634,1,0.0257898
2439,0.527778,1,0.690909
2440,0.132911,1,0.234637
2441,0.327869,0.952381,0.487805
2442,0.512195,1,0.677419
2443,0.513514,1,0.678571
2444,0.231884,1,0.376471
2445,0.76,0.904762,0.826087
2446,0.269231,1,0.424242
2447,0.396226,1,0.567568
2448,0.118881,0.944444,0.21118
2449,0.944444,0.809524,0.871795
2450,0.636364,1,0.777778
2451,0.740741,0.952381,0.833333
2452,0.0316742,1,0.0614035
2453,0.558824,1,0.716981
2454,0.75,1,0.857143
2455,0.818182,0.857143,0.837209
2456,0.947368,1,0.972973
2457,0.833333,1,0.909091
2458,0.405405,0.714286,0.517241
2459,0.361702,0.809524,0.5
2460,1,1,1
2461,0.381818,1,0.552632
2462,0.344262,1,0.512195
2463,0.0379061,1,0.0730435
2464,0.625,1,0.769231
2465,0.46875,0.9375,0.625
2466,1,0.894737,0.944444
2467,0.465116,0.952381,0.625
2468,0.769231,1,0.869565
2469,0.346939,0.894737,0.5
2470,0.95,1,0.974359
2471,1,0.809524,0.894737
2472,0.446809,1,0.617647
2473,0.261905,1,0.415094
2474,0.777778,1,0.875
2475,0.7,0.7,0.7
2476,0.113095,1,0.203209
2477,0.0141129,1,0.027833
2478,0.954545,1,0.976744
2479,0.636364,1,0.777778
2480,0.75,1,0.857143
2481,0.625,1,0.769231
2482,0.636364,1,0.777778
2483,0.271429,1,0.426966
2484,0.84,1,0.913043
2485,0.102439,1,0.185841
2486,0.161538,1,0.278146
2487,0.909091,0.952381,0.930233
2488,0.909091,1,0.952381
2489,0.159292,0.857143,0.268657
2490,0.0774908,1,0.143836
2491,0.447368,1,0.618182
2492,0.95,1,0.974359
2493,0.4,0.952381,0.56338
2494,0.6,1,0.75
2495,0.0442105,1,0.0846774
2496,0.875,1,0.933333
2497,0.477273,1,0.646154
2498,0.75,1,0.857143
2499,0.9375,0.9375,0.9375
2500,0.95,0.95,0.95
2501,1,1,1
2502,0.769231,0.952381,0.851064
2503,0.592593,0.761905,0.666667
2504,0.47619,1,0.645161
2505,0.404255,0.904762,0.558824
2506,1,0.952381,0.97561
2507,0.21875,1,0.358974
2508,0.909091,1,0.952381
2509,0.727273,0.761905,0.744186
2510,0.6,0.9,0.72
2511,0.818182,0.947368,0.878049
2512,0.875,1,0.933333
2513,0.428571,1,0.6
2514,0.225806,1,0.368421
2515,0.875,1,0.933333
2516,0.425,1,0.596491
2517,0.75,1,0.857143
2518,0.313433,1,0.477273
2519,0.642857,1,0.782609
2520,0.941176,0.842105,0.888889
2521,0.75,1,0.857143
2522,0.645161,0.952381,0.769231
2523,0.208333,1,0.344828
2524,0.6,1,0.75
2525,1,1,1
2526,0.952381,0.952381,0.952381
2527,1,1,1
2528,0.567568,1,0.724138
2529,0.954545,1,0.976744
2530,0.288136,1,0.447368
2531,0.310345,0.9,0.461538
2532,0.913043,1,0.954545
2533,0.0882353,1,0.162162
2534,0.35,1,0.518519
2535,0.777778,1,0.875
2536,0.347826,0.761905,0.477612
2537,0.034965,1,0.0675676
2538,0.229885,0.952381,0.37037
2539,0.388889,1,0.56
2540,0.642857,0.857143,0.734694
2541,0.384615,0.714286,0.5
2542,0.116564,1,0.208791
2543,0.875,1,0.933333
2544,0.246914,0.952381,0.392157
2545,0.617647,1,0.763636
2546,0.512821,1,0.677966
2547,0.141892,1,0.248521
2548,0.0285714,1,0.0555556
2549,0.761905,0.761905,0.761905
2550,0.814815,1,0.897959
2551,0.44,1,0.611111
2552,0.7,0.666667,0.682927
2553,0.143791,1,0.251429
2554,0.1875,1,0.315789
2555,0.814815,1,0.897959
2556,0.575758,0.863636,0.690909
2557,0.428571,1,0.6
2558,0.88,1,0.93617
2559,0.88,1,0.93617
2560,0.857143,0.6,0.705882
2561,0.55,1,0.709677
2562,0.139241,1,0.244444
2563,0.904762,0.95,0.926829
2564,0.9375,0.9375,0.9375
2565,0.0571429,1,0.108108
2566,0.85,0.809524,0.829268
2567,0.842105,1,0.914286
2568,0.170213,1,0.290909
2569,0.724138,1,0.84
2570,0.814815,1,0.897959
2571,0.297297,1,0.458333
2572,0.526316,0.909091,0.666667
2573,0.431818,0.863636,0.575758
